9000
0.000000
0.000985
0.041631
0.176643
0.364602
0.091331
0.092298
0.487217
0.526750
0.454433
0.233178
0.831292
0.931731
0.568060
0.556094
0.050832
0.767051
0.018915
0.252360
0.298197
0.875981
0.531557
0.920261
0.515431
0.810429
0.188420
0.886314
0.570614
0.076775
0.815274
0.984891
0.118352
0.893906
0.784484
0.100916
0.253311
0.019842
0.378377
0.678877
0.680923
0.752707
0.006229
0.624407
0.126462
0.617550
0.770928
0.186536
0.496722
0.509500
0.315939
0.701703
0.367247
0.876312
0.370995
0.525252
0.427835
0.542743
0.667979
0.171142
0.830779
0.861905
0.769221
0.052579
0.966730
0.334284
0.082097
0.270315
0.074262
0.676226
0.810159
0.464211
0.569185
0.512203
0.586510
0.738759
0.871689
0.577967
0.964704
0.333529
0.392828
0.176928
0.111869
0.852681
0.811172
0.954887
0.904283
0.138915
0.686187
0.126987
0.004090
0.000503
0.192952
0.586780
0.374959
0.026786
0.464765
0.785343
0.442235
0.287904
0.853353
0.525972
0.728417
0.266314
0.783484
0.468044
0.196997
0.447177
0.728440
0.966093
0.756841
0.466057
0.868966
0.134039
0.846053
0.018088
0.940855
0.670082
0.799972
0.143217
0.610460
0.908283
0.774415
0.366065
0.944288
0.884822
0.445171
0.163028
0.424817
0.479854
0.031128
0.608430
0.792261
0.182497
0.525121
0.898759
0.308790
0.942626
0.388025
0.930512
0.911384
0.337718
0.532812
0.702077
0.971011
0.768085
0.751941
0.090864
0.853967
0.174644
0.019770
0.419054
0.296370
0.378232
0.418716
0.138448
0.380847
0.299780
0.021012
0.238803
0.037109
0.221059
0.525435
0.494525
0.882522
0.773830
0.059002
0.119801
0.547801
0.341916
0.456812
0.588122
0.585150
0.069927
0.818931
0.403161
0.585483
0.191161
0.892277
0.176332
0.207704
0.115748
0.158915
0.992644
0.681571
0.811796
0.642215
0.329342
0.737553
0.823483
0.721261
0.657982
0.358774
0.610365
0.415004
0.814954
0.773965
0.274311
0.044742
0.601041
0.514091
0.630215
0.180893
0.278501
0.452489
0.642986
0.742832
0.413655
0.618052
0.618289
0.854436
0.181457
0.307928
0.023328
0.009182
0.951453
0.990755
0.204940
0.604093
0.935652
0.559567
0.546866
0.439128
0.449752
0.306805
0.200814
0.215800
0.049896
0.209561
0.574563
0.914820
0.415610
0.654159
0.355701
0.586702
0.391946
0.033850
0.285516
0.091604
0.444385
0.925937
0.921284
0.605927
0.861146
0.014717
0.686701
0.844568
0.129647
0.059656
0.013072
0.391159
0.865676
0.015057
0.924289
0.886719
0.662069
0.654911
0.076340
0.092977
0.003252
0.526670
0.789756
0.654019
0.545893
0.798389
0.726753
0.253315
0.255246
0.138354
0.482949
0.467587
0.100876
0.504214
0.858395
0.010048
0.821570
0.964318
0.019459
0.929619
0.063080
0.037962
0.190257
0.276666
0.447314
0.649382
0.151123
0.487155
0.649658
0.534280
0.356802
0.394116
0.721992
0.724702
0.306141
0.106581
0.910780
0.740914
0.239058
0.651344
0.368411
0.026181
0.849258
0.041816
0.056121
0.426039
0.479733
0.501694
0.980527
0.607505
0.912656
0.750416
0.713813
0.971132
0.029212
0.264289
0.018311
0.080676
0.154636
0.114352
0.756538
0.938249
0.128804
0.592612
0.122524
0.599178
0.065873
0.256026
0.412451
0.948387
0.353495
0.016996
0.973425
0.762359
0.861975
0.405130
0.867867
0.036761
0.208479
0.423333
0.984823
0.564353
0.576262
0.468223
0.464160
0.761121
0.302084
0.417257
0.098524
0.136846
0.698138
0.180448
0.893077
0.730879
0.302287
0.141218
0.824100
0.442203
0.590112
0.977622
0.502689
0.897659
0.724808
0.261282
0.455035
0.261958
0.960489
0.016931
0.940439
0.901961
0.097871
0.521122
0.084702
0.795402
0.868910
0.095782
0.880272
0.006006
0.202012
0.472639
0.644231
0.933968
0.098426
0.570898
0.507583
0.659436
0.892915
0.735755
0.689250
0.809339
0.240409
0.763515
0.768728
0.542360
0.481051
0.414380
0.073568
0.526698
0.507623
0.751598
0.131093
0.009376
0.763973
0.101193
0.965288
0.089244
0.115920
0.896274
0.745245
0.218530
0.585460
0.240793
0.884460
0.396093
0.056503
0.927216
0.452420
0.870782
0.230231
0.488962
0.571254
0.852889
0.218364
0.920511
0.038626
0.408390
0.053819
0.105162
0.529782
0.572954
0.114494
0.042568
0.500902
0.724749
0.494231
0.346086
0.035075
0.366505
0.915601
0.504929
0.861768
0.923538
0.015347
0.289962
0.239358
0.716462
0.101573
0.777378
0.244662
0.431663
0.591599
0.514516
0.768635
0.721587
0.803579
0.740518
0.506180
0.818314
0.059264
0.575870
0.861748
0.551174
0.828654
0.124058
0.710174
0.001572
0.031797
0.291344
0.671436
0.300237
0.433837
0.273296
0.124291
0.134329
0.104943
0.416033
0.820584
0.260122
0.148330
0.013878
0.221272
0.352915
0.761930
0.421203
0.686691
0.526691
0.329879
0.143644
0.375358
0.744665
0.729884
0.731954
0.173760
0.556697
0.685514
0.870456
0.558393
0.344739
0.535651
0.962264
0.923171
0.752715
0.686961
0.336166
0.360733
0.707908
0.662554
0.397451
0.013741
0.407951
0.667512
0.219446
0.088817
0.617571
0.019182
0.217242
0.206055
0.374485
0.399823
0.293948
0.524278
0.792152
0.397100
0.727059
0.697282
0.631985
0.123042
0.733361
0.168706
0.028108
0.216490
0.170799
0.170083
0.528646
0.312893
0.901156
0.443719
0.079153
0.136992
0.535290
0.642834
0.842087
0.969753
0.340412
0.367711
0.712868
0.045647
0.124773
0.258288
0.965184
0.837492
0.687851
0.688702
0.808773
0.524610
0.583177
0.683919
0.460254
0.759754
0.276283
0.316928
0.065967
0.148406
0.472621
0.239584
0.944774
0.330580
0.260945
0.171349
0.873876
0.863814
0.478475
0.216758
0.772772
0.102704
0.207741
0.230993
0.166173
0.265020
0.804494
0.108500
0.258255
0.879562
0.215200
0.665078
0.625837
0.792525
0.345951
0.630425
0.250514
0.035976
0.806997
0.405085
0.438404
0.756344
0.784341
0.480335
0.715900
0.387701
0.028168
0.417493
0.900804
0.612354
0.834165
0.757822
0.606587
0.861440
0.405708
0.237630
0.584804
0.105243
0.490458
0.845010
0.704126
0.104651
0.692993
0.033096
0.426893
0.732294
0.275132
0.335741
0.314019
0.218391
0.607551
0.579483
0.070587
0.479340
0.160880
0.292917
0.657304
0.996661
0.092966
0.051626
0.022452
0.933532
0.063295
0.712304
0.556107
0.412148
0.988242
0.460360
0.699764
0.687137
0.535025
0.576024
0.542324
0.600958
0.371753
0.897791
0.245560
0.412392
0.570197
0.290063
0.832116
0.267869
0.261940
0.493320
0.065951
0.109539
0.233001
0.617532
0.703576
0.258866
0.803192
0.128187
0.404914
0.808443
0.161266
0.443031
0.690954
0.029097
0.542918
0.508058
0.913377
0.438810
0.863972
0.833358
0.665999
0.872171
0.914567
0.151167
0.092266
0.674812
0.131121
0.895940
0.315506
0.070578
0.581422
0.213810
0.693284
0.306999
0.804998
0.878733
0.743849
0.577276
0.867274
0.845470
0.646554
0.097727
0.623799
0.803995
0.930262
0.444886
0.102613
0.942635
0.850835
0.135853
0.841756
0.683185
0.552864
0.981669
0.348773
0.753355
0.209897
0.422319
0.854310
0.021409
0.254909
0.532371
0.627505
0.773860
0.627729
0.790272
0.112535
0.887194
0.773443
0.857243
0.479736
0.774054
0.285605
0.291724
0.197939
0.297004
0.476542
0.313978
0.404809
0.590476
0.415645
0.867308
0.046935
0.043811
0.762543
0.434994
0.490307
0.533305
0.958349
0.456499
0.963680
0.385154
0.463136
0.036460
0.332576
0.868259
0.945686
0.702766
0.240648
0.198498
0.861911
0.695628
0.169366
0.854752
0.186674
0.061407
0.918223
0.310355
0.190960
0.289511
0.998560
0.248398
0.848987
0.427422
0.457750
0.710492
0.500323
0.300612
0.340710
0.009002
0.827981
0.366578
0.876902
0.273700
0.608564
0.764369
0.218197
0.194412
0.373621
0.654893
0.201899
0.428968
0.437495
0.058197
0.870058
0.666101
0.306156
0.110096
0.927995
0.939546
0.410016
0.213394
0.699112
0.284144
0.292981
0.633189
0.547851
0.587271
0.747304
0.068948
0.956784
0.727227
0.081987
0.969032
0.106800
0.090641
0.440025
0.380172
0.711056
0.937598
0.290783
0.941990
0.174689
0.028523
0.387987
0.945305
0.714289
0.461379
0.336545
0.825957
0.585883
0.890016
0.703631
0.919677
0.890181
0.631414
0.357848
0.067659
0.792193
0.625854
0.456972
0.749714
0.292908
0.622832
0.527660
0.797972
0.697903
0.237892
0.203092
0.578003
0.556564
0.900761
0.985825
0.438034
0.401726
0.010569
0.477996
0.545855
0.049270
0.475154
0.729667
0.235276
0.357432
0.961916
0.074642
0.151216
0.173880
0.679416
0.192994
0.749040
0.083079
0.971513
0.318164
0.707502
0.516010
0.897557
0.916574
0.146312
0.698158
0.828978
0.747776
0.992856
0.830125
0.778833
0.667334
0.665123
0.248648
0.138917
0.582616
0.379540
0.175742
0.999364
0.598802
0.756520
0.991894
0.616913
0.099701
0.089603
0.868316
0.556957
0.561984
0.225576
0.556367
0.816021
0.584443
0.735675
0.293196
0.918379
0.473664
0.157721
0.165792
0.734353
0.827632
0.974665
0.046047
0.077588
0.728267
0.538749
0.922804
0.071733
0.237515
0.927368
0.309434
0.728931
0.999725
0.255177
0.484168
0.127023
0.511578
0.998390
0.852830
0.311062
0.421436
0.596208
0.327819
0.457622
0.469884
0.868525
0.552036
0.635386
0.055217
0.469349
0.211341
0.458750
0.090265
0.725661
0.864116
0.177029
0.764288
0.288849
0.352192
0.962524
0.005410
0.250467
0.265178
0.876898
0.090646
0.899379
0.321905
0.805478
0.722877
0.479585
0.260901
0.480124
0.503812
0.957014
0.639628
0.068029
0.611262
0.431724
0.213500
0.019186
0.435767
0.905344
0.574822
0.350561
0.259245
0.301015
0.893831
0.039297
0.846019
0.056637
0.724551
0.018151
0.158967
0.097170
0.363671
0.559112
0.671062
0.316299
0.517762
0.819621
0.791155
0.843438
0.520703
0.561588
0.404120
0.773436
0.917080
0.666449
0.096645
0.831045
0.397558
0.017849
0.223899
0.721142
0.238074
0.643250
0.007432
0.972757
0.096282
0.061129
0.545193
0.667218
0.186609
0.513874
0.180096
0.998382
0.060906
0.948419
0.599510
0.549341
0.926818
0.085836
0.325443
0.091500
0.243319
0.874161
0.670519
0.678279
0.235385
0.800649
0.560397
0.579377
0.601434
0.533374
0.906955
0.898543
0.572246
0.828797
0.021698
0.456984
0.283699
0.570828
0.214712
0.077982
0.203492
0.765427
0.575654
0.851232
0.800253
0.698410
0.590226
0.316103
0.349143
0.746505
0.834178
0.012970
0.458611
0.314558
0.398833
0.195499
0.696660
0.435045
0.844583
0.062006
0.350515
0.917694
0.524647
0.991565
0.520446
0.863172
0.759068
0.504339
0.216648
0.469778
0.022614
0.002780
0.078282
0.558127
0.509557
0.490997
0.587194
0.136681
0.888720
0.067121
0.917522
0.729000
0.014542
0.894317
0.698749
0.508778
0.830970
0.889769
0.217069
0.545829
0.726788
0.540194
0.821913
0.488208
0.471584
0.023083
0.315544
0.703843
0.394255
0.353783
0.798884
0.518482
0.239946
0.211884
0.131736
0.533013
0.751298
0.751321
0.786716
0.727639
0.326240
0.345400
0.270338
0.886705
0.483204
0.342190
0.429391
0.857912
0.457250
0.441828
0.224122
0.923117
0.214331
0.893024
0.940692
0.562849
0.928692
0.932247
0.233135
0.679310
0.458608
0.549636
0.869865
0.767137
0.282543
0.007720
0.042164
0.030016
0.440868
0.512701
0.643365
0.304827
0.253162
0.946721
0.009612
0.222067
0.448470
0.719603
0.328522
0.978476
0.122629
0.149610
0.764120
0.680142
0.904895
0.597538
0.448744
0.514675
0.423550
0.072678
0.879651
0.190676
0.670467
0.621910
0.094917
0.630738
0.006709
0.376392
0.845452
0.888160
0.170086
0.239261
0.023950
0.572789
0.851269
0.380732
0.944195
0.691683
0.823838
0.695405
0.912952
0.037287
0.636848
0.355152
0.519772
0.969465
0.913557
0.447147
0.446322
0.345999
0.019633
0.261455
0.515637
0.245247
0.456917
0.129918
0.453058
0.108709
0.758816
0.314982
0.095258
0.702795
0.880336
0.503814
0.882905
0.378459
0.324947
0.132817
0.618121
0.093412
0.282963
0.407030
0.012467
0.480860
0.388466
0.297290
0.237954
0.406228
0.866229
0.508332
0.906234
0.282047
0.634451
0.878872
0.914181
0.322161
0.666958
0.569162
0.822480
0.649076
0.678790
0.834634
0.683346
0.039861
0.076707
0.001187
0.950310
0.252089
0.471283
0.226753
0.624113
0.535527
0.756020
0.736531
0.591635
0.659339
0.462820
0.890126
0.067633
0.698431
0.459502
0.815614
0.660686
0.884149
0.986607
0.518981
0.254493
0.070055
0.976077
0.641506
0.163681
0.157157
0.757526
0.139414
0.820092
0.107183
0.858541
0.549849
0.142562
0.717704
0.129071
0.588139
0.202245
0.987886
0.867485
0.199887
0.419269
0.844964
0.763875
0.927290
0.307945
0.984243
0.086896
0.304818
0.360790
0.182456
0.671749
0.690921
0.550655
0.336751
0.482220
0.388634
0.800260
0.648797
0.148191
0.480955
0.675137
0.382797
0.266389
0.581803
0.195711
0.873085
0.006721
0.708614
0.623765
0.415148
0.815312
0.949603
0.085554
0.145061
0.639990
0.211966
0.066425
0.376344
0.031521
0.484609
0.908717
0.328198
0.867443
0.071019
0.115513
0.030990
0.993182
0.688779
0.297365
0.048124
0.231439
0.188889
0.178197
0.700310
0.445372
0.620769
0.021445
0.739290
0.389080
0.110855
0.860067
0.992008
0.191521
0.390581
0.866816
0.809570
0.513588
0.112716
0.327402
0.213301
0.725136
0.346313
0.862519
0.265462
0.166936
0.805679
0.559730
0.316179
0.505394
0.616738
0.437797
0.629843
0.934541
0.377046
0.480033
0.291284
0.124943
0.248642
0.285735
0.879704
0.223155
0.114347
0.036828
0.900472
0.244192
0.909281
0.937958
0.433103
0.014727
0.045077
0.930538
0.517967
0.573622
0.012021
0.313598
0.922511
0.041837
0.365050
0.826002
0.636185
0.374121
0.167178
0.795772
0.606054
0.804405
0.825447
0.573578
0.284662
0.915067
0.060241
0.710131
0.788616
0.082739
0.401953
0.173289
0.209160
0.080863
0.216152
0.432551
0.551529
0.118587
0.378936
0.959541
0.162922
0.848858
0.620969
0.736834
0.422625
0.433698
0.447476
0.758419
0.073152
0.675066
0.841202
0.408338
0.357614
0.334515
0.538076
0.575211
0.163215
0.918796
0.106324
0.595726
0.549330
0.511954
0.887244
0.706708
0.334639
0.313337
0.801359
0.850575
0.133096
0.786856
0.271694
0.041011
0.242937
0.147004
0.954203
0.313368
0.814484
0.974507
0.434727
0.706990
0.537349
0.257373
0.596220
0.044447
0.810013
0.045772
0.476424
0.166200
0.677027
0.161255
0.324899
0.069762
0.261815
0.247689
0.382626
0.301954
0.584789
0.643897
0.003776
0.313825
0.464080
0.613021
0.927207
0.053466
0.154475
0.913185
0.297527
0.226048
0.822072
0.336080
0.898007
0.667324
0.289052
0.988052
0.659081
0.571688
0.453795
0.821241
0.968828
0.694289
0.714007
0.335035
0.460809
0.554900
0.739870
0.820949
0.568241
0.446268
0.284197
0.892918
0.193273
0.168965
0.928969
0.971575
0.780508
0.746505
0.882217
0.532594
0.042727
0.427520
0.114120
0.208363
0.654755
0.455459
0.292458
0.687791
0.702502
0.920668
0.509505
0.994804
0.295583
0.435455
0.627437
0.361991
0.973598
0.961148
0.977835
0.037115
0.761651
0.329174
0.981592
0.967897
0.566275
0.438247
0.185172
0.171118
0.108312
0.770143
0.992625
0.487987
0.527081
0.380984
0.593073
0.406646
0.876210
0.417860
0.901626
0.258189
0.884765
0.147061
0.737169
0.693719
0.949832
0.515805
0.520547
0.271444
0.433662
0.100438
0.886825
0.835098
0.988304
0.507551
0.239296
0.273883
0.054607
0.617876
0.232269
0.111372
0.565301
0.614287
0.834536
0.083593
0.611145
0.273603
0.203597
0.607668
0.745774
0.176563
0.378453
0.500391
0.252709
0.091298
0.390301
0.935090
0.074250
0.993645
0.988120
0.894795
0.906675
0.823868
0.800500
0.025411
0.852777
0.855856
0.504720
0.065312
0.847622
0.324039
0.875781
0.944100
0.146190
0.958380
0.446779
0.235425
0.494829
0.202570
0.760606
0.214648
0.168148
0.909480
0.742681
0.125124
0.007988
0.135931
0.814445
0.976235
0.573493
0.601694
0.815135
0.876542
0.826305
0.381593
0.250362
0.407144
0.710808
0.301509
0.563884
0.239252
0.027603
0.286590
0.085483
0.237931
0.073579
0.931197
0.672837
0.828006
0.271743
0.833826
0.296835
0.851203
0.029245
0.665862
0.453934
0.454147
0.136624
0.560636
0.190250
0.418964
0.402445
0.649457
0.132437
0.501697
0.855203
0.505375
0.510586
0.763841
0.642102
0.845430
0.076970
0.070053
0.818454
0.190383
0.748236
0.147094
0.111574
0.780798
0.982528
0.137488
0.721836
0.033444
0.429929
0.984188
0.506897
0.216907
0.425786
0.313102
0.901832
0.994886
0.921071
0.567770
0.530230
0.585761
0.529434
0.839625
0.234278
0.713790
0.412383
0.238288
0.723922
0.367732
0.695904
0.385403
0.947667
0.864276
0.315359
0.084053
0.805205
0.454633
0.500723
0.821188
0.842303
0.971657
0.249074
0.175432
0.932329
0.941544
0.871859
0.615774
0.700133
0.468271
0.165106
0.541913
0.080017
0.721437
0.623834
0.704269
0.120252
0.340092
0.927890
0.586205
0.105459
0.718574
0.263978
0.683786
0.621574
0.317775
0.844533
0.396053
0.145615
0.589811
0.743095
0.973529
0.616789
0.199555
0.221152
0.462383
0.702425
0.247353
0.483958
0.139755
0.780739
0.558478
0.012059
0.641422
0.144603
0.612164
0.588409
0.930802
0.411496
0.782728
0.023596
0.808846
0.382989
0.594168
0.597488
0.693359
0.613878
0.125346
0.936225
0.545568
0.161032
0.413521
0.558899
0.748381
0.522858
0.198426
0.616436
0.367663
0.742770
0.026655
0.442231
0.993518
0.328234
0.136929
0.804343
0.466995
0.777774
0.601470
0.134785
0.468667
0.562146
0.478518
0.283298
0.664502
0.775801
0.697942
0.349420
0.872217
0.967464
0.658377
0.064659
0.294662
0.933524
0.053605
0.780780
0.047812
0.277756
0.901764
0.953805
0.037525
0.021475
0.647751
0.757365
0.274893
0.408517
0.212073
0.102803
0.293812
0.661451
0.023885
0.454277
0.791036
0.884505
0.098481
0.800586
0.558916
0.602915
0.686858
0.455152
0.350081
0.809495
0.664800
0.803306
0.393248
0.541534
0.759297
0.081620
0.777251
0.322448
0.689926
0.965501
0.009216
0.613782
0.981322
0.444805
0.420949
0.278045
0.370331
0.796980
0.199249
0.948616
0.568254
0.615737
0.120670
0.839719
0.466326
0.840860
0.314596
0.560578
0.402890
0.660201
0.811383
0.779788
0.696366
0.444913
0.271258
0.428199
0.532109
0.538406
0.167043
0.543942
0.357446
0.581409
0.107250
0.817450
0.961980
0.031017
0.749290
0.556345
0.314705
0.859900
0.444503
0.782021
0.301207
0.920450
0.972183
0.816743
0.699598
0.772882
0.319043
0.300543
0.889655
0.629990
0.819758
0.572467
0.883580
0.516053
0.234721
0.695443
0.666879
0.403137
0.660429
0.735886
0.553013
0.432875
0.968585
0.818926
0.184982
0.891771
0.690745
0.761813
0.001037
0.247398
0.610117
0.988672
0.850780
0.714053
0.510719
0.899577
0.073470
0.769854
0.551878
0.809125
0.694201
0.141654
0.083943
0.090904
0.558289
0.686223
0.665741
0.823860
0.702975
0.580760
0.867913
0.297452
0.192091
0.376048
0.696702
0.410292
0.038092
0.922462
0.213476
0.710788
0.871927
0.441972
0.985415
0.450103
0.250195
0.155484
0.227029
0.122795
0.107208
0.780031
0.990881
0.087044
0.953954
0.857873
0.165088
0.715937
0.223925
0.571455
0.726387
0.318375
0.285648
0.314139
0.088051
0.670504
0.342211
0.534760
0.144602
0.256998
0.868607
0.040459
0.938484
0.279918
0.688305
0.141164
0.711848
0.648426
0.941802
0.442964
0.428958
0.715349
0.373279
0.266862
0.896931
0.630043
0.768814
0.182736
0.125463
0.187369
0.373411
0.932470
0.066488
0.779681
0.437554
0.576047
0.894637
0.015041
0.080906
0.362936
0.326693
0.216370
0.685536
0.019485
0.446525
0.031797
0.458663
0.590483
0.180235
0.888162
0.441167
0.997017
0.049333
0.832654
0.529120
0.218667
0.477857
0.210294
0.358419
0.699641
0.618578
0.598752
0.654717
0.767362
0.035332
0.901469
0.740419
0.668201
0.290296
0.622922
0.826312
0.226527
0.459600
0.206907
0.896932
0.156030
0.276432
0.203887
0.965937
0.060847
0.181920
0.693856
0.161323
0.100507
0.270268
0.276954
0.071565
0.927838
0.431193
0.458580
0.504550
0.691221
0.920709
0.005448
0.884072
0.798805
0.897271
0.893424
0.926872
0.527324
0.926490
0.569878
0.640417
0.004990
0.131870
0.128356
0.582388
0.267796
0.114843
0.560723
0.392056
0.970563
0.313832
0.883471
0.897175
0.495722
0.463862
0.705974
0.313925
0.039581
0.865837
0.747261
0.778708
0.241302
0.403825
0.145973
0.406837
0.855806
0.551239
0.830018
0.382423
0.238230
0.889923
0.105798
0.004975
0.212282
0.102582
0.332564
0.800681
0.524171
0.677334
0.609395
0.540134
0.151839
0.137450
0.817563
0.470063
0.438475
0.949312
0.829849
0.085723
0.370179
0.102623
0.874018
0.054836
0.418896
0.949931
0.776622
0.306032
0.649972
0.254165
0.425071
0.057608
0.253955
0.555353
0.283301
0.570069
0.137400
0.228877
0.145116
0.432578
0.608733
0.780959
0.678318
0.154326
0.761824
0.591675
0.324243
0.032478
0.709247
0.066431
0.096333
0.655093
0.994792
0.853789
0.046384
0.807202
0.044221
0.806807
0.119378
0.958514
0.446323
0.848305
0.732101
0.290281
0.822907
0.004814
0.324588
0.375333
0.504440
0.022378
0.937756
0.058794
0.713791
0.108199
0.359277
0.837343
0.338180
0.159609
0.799907
0.532939
0.081359
0.065569
0.364295
0.373828
0.104792
0.281363
0.667051
0.693436
0.536756
0.385160
0.923095
0.438825
0.128626
0.992466
0.270454
0.038069
0.123052
0.513243
0.226576
0.043830
0.152198
0.334524
0.251585
0.373111
0.866951
0.162313
0.812752
0.065616
0.499185
0.289241
0.985765
0.841021
0.746165
0.313945
0.065488
0.545084
0.134617
0.434446
0.419960
0.922727
0.345322
0.497176
0.637973
0.270677
0.159268
0.897154
0.077215
0.020980
0.603134
0.600509
0.104308
0.448589
0.233293
0.670813
0.471040
0.630651
0.089718
0.914095
0.436534
0.802117
0.788372
0.568036
0.920135
0.032543
0.195296
0.318377
0.354609
0.013745
0.658170
0.565405
0.157172
0.909173
0.460201
0.536488
0.203302
0.026113
0.933655
0.063606
0.184896
0.274168
0.030921
0.149858
0.772654
0.351791
0.432829
0.633945
0.548656
0.631301
0.888123
0.640043
0.397611
0.206844
0.163689
0.151434
0.566530
0.334911
0.059915
0.064433
0.747632
0.979441
0.554739
0.824972
0.086522
0.710287
0.507279
0.099540
0.948500
0.272308
0.029142
0.526751
0.024911
0.610852
0.748482
0.092750
0.066284
0.516621
0.706583
0.995873
0.280614
0.738303
0.575391
0.451930
0.527343
0.944956
0.631203
0.945253
0.617519
0.232616
0.407015
0.171970
0.748427
0.532223
0.944457
0.836250
0.760052
0.750661
0.924229
0.548363
0.107418
0.366036
0.848500
0.102062
0.256832
0.495397
0.634505
0.160117
0.397929
0.791767
0.038724
0.898765
0.633059
0.431992
0.926631
0.017780
0.079914
0.592560
0.523324
0.041998
0.974371
0.232892
0.992748
0.367094
0.963656
0.410894
0.393283
0.647624
0.363226
0.330785
0.718715
0.014758
0.445942
0.595791
0.157907
0.136318
0.523423
0.826546
0.273632
0.200015
0.054917
0.668582
0.719068
0.684864
0.619210
0.898695
0.665559
0.974251
0.854064
0.640167
0.921567
0.911078
0.402485
0.791525
0.972779
0.770517
0.205956
0.483999
0.887524
0.564578
0.804927
0.421024
0.308634
0.345878
0.502863
0.171562
0.019475
0.262275
0.631454
0.130810
0.832835
0.561694
0.733997
0.810899
0.639863
0.855263
0.227245
0.154785
0.283261
0.530429
0.178111
0.593791
0.723844
0.842928
0.862593
0.898825
0.569676
0.502328
0.085399
0.453464
0.077880
0.360420
0.108232
0.240750
0.944392
0.491227
0.944036
0.562266
0.618308
0.657244
0.658304
0.666011
0.144822
0.046060
0.814437
0.057502
0.112098
0.657580
0.898970
0.205893
0.688974
0.763023
0.258244
0.673712
0.856284
0.147039
0.017750
0.825743
0.197331
0.103161
0.589236
0.280902
0.293031
0.365909
0.601977
0.122630
0.213199
0.831057
0.529815
0.680839
0.484087
0.305564
0.484336
0.934992
0.498469
0.922559
0.869411
0.397257
0.701354
0.802539
0.059268
0.741270
0.192905
0.102966
0.390101
0.610894
0.129589
0.603889
0.416104
0.530160
0.542412
0.271780
0.149917
0.836563
0.822742
0.937796
0.413088
0.162069
0.125411
0.946172
0.195774
0.416980
0.607194
0.765002
0.251057
0.109468
0.636292
0.512456
0.915661
0.416892
0.583179
0.809465
0.196332
0.863313
0.321084
0.513425
0.533631
0.041059
0.239919
0.670788
0.849448
0.223319
0.102843
0.419060
0.701398
0.270952
0.970508
0.806265
0.759711
0.151814
0.282892
0.329145
0.746710
0.017550
0.949357
0.937036
0.245066
0.864044
0.458942
0.838522
0.901442
0.721440
0.917998
0.480674
0.992671
0.352244
0.962246
0.859220
0.751233
0.996413
0.414306
0.941625
0.387551
0.596418
0.683320
0.538381
0.223728
0.609093
0.375729
0.801278
0.545109
0.301707
0.629408
0.536932
0.663918
0.814637
0.848838
0.341063
0.707769
0.120386
0.936733
0.841132
0.932752
0.827339
0.745550
0.004779
0.006911
0.965945
0.346736
0.967638
0.009178
0.995036
0.200604
0.360517
0.588272
0.207362
0.347856
0.892425
0.275918
0.067460
0.105414
0.457838
0.752349
0.243603
0.283060
0.284898
0.525758
0.801260
0.820140
0.392502
0.070887
0.201550
0.728207
0.660764
0.737835
0.028178
0.898861
0.188896
0.406363
0.274947
0.357461
0.880669
0.842315
0.227922
0.901967
0.689377
0.383452
0.527663
0.329357
0.016380
0.017083
0.593553
0.015421
0.000141
0.139765
0.821437
0.950742
0.982251
0.541500
0.554751
0.248257
0.184810
0.117741
0.896462
0.005724
0.486909
0.869976
0.733115
0.437746
0.319760
0.250384
0.532580
0.672862
0.798632
0.382052
0.343680
0.155858
0.729370
0.140597
0.149510
0.396229
0.537555
0.215879
0.128136
0.881218
0.204653
0.737205
0.166448
0.424629
0.208874
0.698446
0.007771
0.477446
0.275395
0.570320
0.934561
0.988086
0.473382
0.148568
0.777934
0.101842
0.153745
0.824509
0.080279
0.241916
0.215222
0.247623
0.330884
0.157593
0.796295
0.400327
0.652979
0.176020
0.311391
0.748211
0.090134
0.798189
0.642075
0.643060
0.557565
0.660700
0.633570
0.022337
0.566998
0.794534
0.975450
0.602125
0.370595
0.680188
0.220043
0.838462
0.208775
0.283175
0.535790
0.525372
0.788038
0.591181
0.743953
0.800639
0.998089
0.028408
0.949857
0.789620
0.633413
0.936084
0.373885
0.083226
0.584182
0.351461
0.798230
0.622071
0.566944
0.939292
0.873716
0.451045
0.079469
0.806757
0.643678
0.776803
0.379570
0.319710
0.320925
0.067606
0.038505
0.018250
0.147234
0.796405
0.030034
0.463857
0.136014
0.262910
0.551497
0.828069
0.476853
0.610832
0.388949
0.321291
0.210424
0.257586
0.830827
0.055264
0.573846
0.003918
0.990660
0.607685
0.796311
0.821536
0.146567
0.714133
0.483931
0.912554
0.961863
0.030827
0.478762
0.982955
0.475757
0.499684
0.882556
0.614320
0.695393
0.290891
0.989521
0.197558
0.770277
0.712005
0.128268
0.606492
0.768207
0.548750
0.841016
0.838026
0.319399
0.561829
0.663251
0.382596
0.064561
0.904713
0.760447
0.470124
0.285682
0.976354
0.346760
0.372323
0.058486
0.184966
0.685933
0.144666
0.126622
0.607364
0.355018
0.026369
0.734123
0.994107
0.650191
0.853409
0.279549
0.732972
0.610263
0.399892
0.678131
0.559581
0.221933
0.372183
0.183521
0.139807
0.311967
0.616563
0.465275
0.367415
0.301170
0.946000
0.439510
0.874227
0.034855
0.279775
0.576502
0.968575
0.971805
0.658579
0.668989
0.959132
0.031219
0.238386
0.738199
0.621367
0.803408
0.872663
0.421019
0.787251
0.829089
0.111445
0.751989
0.627707
0.463760
0.827723
0.299289
0.922227
0.953221
0.629674
0.596370
0.319713
0.754758
0.338049
0.333026
0.465630
0.612412
0.161047
0.824612
0.657944
0.216481
0.546968
0.499555
0.981012
0.494552
0.753616
0.057803
0.313765
0.257702
0.861848
0.221270
0.205382
0.389889
0.650834
0.677532
0.925680
0.365847
0.519732
0.606103
0.423982
0.223354
0.512902
0.659677
0.943118
0.325402
0.714938
0.178097
0.436012
0.218390
0.512284
0.858879
0.101039
0.530963
0.857590
0.853483
0.496958
0.337572
0.062317
0.952720
0.104852
0.419635
0.326053
0.957710
0.487416
0.849416
0.184933
0.685298
0.547537
0.767175
0.026400
0.150154
0.828844
0.856136
0.426824
0.011766
0.429473
0.093293
0.178498
0.225761
0.343415
0.883682
0.792956
0.238623
0.906381
0.703711
0.010997
0.896713
0.338139
0.183260
0.382148
0.278898
0.051895
0.960087
0.466449
0.822180
0.682711
0.222658
0.281520
0.697087
0.488694
0.213615
0.592980
0.350565
0.546020
0.955995
0.804909
0.305576
0.715725
0.464115
0.030373
0.666163
0.758032
0.852188
0.344955
0.692468
0.838946
0.213616
0.886140
0.290943
0.471754
0.335209
0.949336
0.210153
0.199157
0.171956
0.341081
0.182211
0.914256
0.243364
0.228759
0.634584
0.082862
0.441608
0.524033
0.988197
0.536226
0.150143
0.357571
0.917202
0.300726
0.559943
0.551965
0.376138
0.796295
0.905802
0.737476
0.194541
0.923105
0.309375
0.144256
0.731246
0.149375
0.556698
0.360629
0.495035
0.873226
0.519263
0.888946
0.939944
0.547518
0.878480
0.030477
0.388137
0.395999
0.178240
0.063947
0.417100
0.907300
0.119613
0.377010
0.157844
0.644068
0.051554
0.897648
0.014464
0.549495
0.193295
0.037676
0.950833
0.752588
0.655273
0.291028
0.956364
0.574830
0.478688
0.466023
0.748855
0.810354
0.877653
0.317358
0.488702
0.503837
0.596489
0.577210
0.945695
0.077295
0.757730
0.265748
0.498627
0.279345
0.009205
0.842834
0.770906
0.646951
0.932134
0.601271
0.964755
0.906931
0.063111
0.507116
0.795712
0.507483
0.043373
0.977032
0.731643
0.591607
0.136715
0.312277
0.280860
0.615847
0.966319
0.352583
0.767222
0.218331
0.889659
0.493036
0.181901
0.167181
0.054322
0.348183
0.758205
0.419406
0.216330
0.828461
0.214251
0.715074
0.732397
0.195936
0.626026
0.273595
0.400068
0.223982
0.498596
0.178266
0.672110
0.036463
0.304633
0.889793
0.136693
0.637201
0.956571
0.055471
0.471317
0.853765
0.911536
0.742353
0.550196
0.158189
0.807342
0.362381
0.231580
0.041086
0.264758
0.645671
0.058768
0.708303
0.227616
0.903570
0.677112
0.447066
0.550904
0.682382
0.965963
0.131093
0.480781
0.496864
0.491293
0.764145
0.833339
0.232549
0.949621
0.414737
0.595273
0.678899
0.360300
0.290128
0.004520
0.490466
0.200305
0.407456
0.977955
0.237982
0.808096
0.419028
0.732787
0.501210
0.821330
0.665732
0.185183
0.643961
0.283034
0.698745
0.931497
0.800835
0.244088
0.009684
0.442421
0.074740
0.113512
0.930819
0.287132
0.202108
0.835199
0.950812
0.402662
0.275187
0.888645
0.581460
0.423086
0.131950
0.576154
0.404350
0.064586
0.926547
0.539599
0.723250
0.347111
0.197242
0.681422
0.001825
0.733302
0.553146
0.898238
0.833345
0.932926
0.332423
0.287644
0.878972
0.399671
0.248026
0.791950
0.036712
0.320313
0.965313
0.894349
0.029973
0.938649
0.660275
0.796999
0.801879
0.283043
0.126850
0.065751
0.191066
0.082711
0.754248
0.617471
0.671868
0.810258
0.325934
0.013524
0.744893
0.213374
0.824431
0.682866
0.344430
0.374501
0.312344
0.072073
0.321506
0.631985
0.129668
0.964608
0.303393
0.618338
0.558676
0.750639
0.612808
0.120325
0.296531
0.200223
0.246883
0.481602
0.406541
0.000714
0.414226
0.282307
0.334042
0.683672
0.758372
0.112517
0.342732
0.572566
0.060788
0.369892
0.700573
0.531274
0.022948
0.258563
0.797866
0.851284
0.234295
0.039560
0.368619
0.864924
0.903901
0.216693
0.192979
0.360620
0.584144
0.760069
0.244312
0.667745
0.363673
0.837547
0.698838
0.201966
0.726392
0.397888
0.615870
0.162067
0.038395
0.524641
0.318222
0.056215
0.963995
0.843631
0.528870
0.435588
0.756696
0.646983
0.453196
0.017795
0.505717
0.410957
0.116054
0.698812
0.931164
0.292427
0.077399
0.453063
0.052028
0.138828
0.945571
0.995319
0.044767
0.829058
0.997628
0.279318
0.363369
0.058686
0.393888
0.406165
0.904768
0.313214
0.459524
0.546071
0.829501
0.950003
0.898274
0.790670
0.943073
0.385307
0.528881
0.966774
0.118214
0.100854
0.698615
0.888098
0.604691
0.928351
0.263165
0.097106
0.697490
0.114542
0.339485
0.168192
0.784890
0.429189
0.677037
0.184971
0.397289
0.858996
0.770734
0.163258
0.350860
0.678668
0.901214
0.327761
0.205450
0.242561
0.358538
0.140481
0.015109
0.174568
0.735737
0.463992
0.176761
0.617976
0.498695
0.880365
0.215550
0.349873
0.006752
0.899305
0.675084
0.265731
0.810116
0.015671
0.201145
0.539005
0.750127
0.520916
0.165475
0.588676
0.078821
0.854968
0.222193
0.415956
0.265780
0.589947
0.426577
0.361663
0.221396
0.865858
0.580781
0.490752
0.513316
0.017677
0.363125
0.623167
0.541747
0.025202
0.309629
0.134511
0.152597
0.329594
0.564215
0.570236
0.466107
0.057107
0.416467
0.518376
0.772124
0.100248
0.375081
0.123803
0.758663
0.174206
0.956338
0.797886
0.493610
0.502238
0.528420
0.668295
0.943769
0.313698
0.675604
0.851910
0.192897
0.754280
0.315894
0.837625
0.290625
0.016867
0.609168
0.894049
0.035355
0.676147
0.871241
0.119115
0.252406
0.039274
0.806356
0.314424
0.888180
0.262378
0.383523
0.477484
0.694236
0.498529
0.311101
0.181107
0.442509
0.172004
0.962319
0.163040
0.593008
0.867538
0.628507
0.932946
0.555016
0.298143
0.436300
0.361295
0.146959
0.403345
0.172588
0.929350
0.401680
0.129152
0.582367
0.365700
0.394022
0.665162
0.608898
0.687626
0.525664
0.442159
0.154684
0.510823
0.505363
0.619907
0.580979
0.834755
0.756747
0.980106
0.611193
0.190218
0.894163
0.459557
0.040990
0.028042
0.281516
0.155072
0.619812
0.901409
0.159559
0.661823
0.292587
0.357833
0.851541
0.493484
0.267303
0.409806
0.671811
0.014172
0.898056
0.035576
0.230983
0.492912
0.390903
0.804045
0.297136
0.290897
0.801905
0.491749
0.505640
0.795518
0.606099
0.427167
0.359290
0.023967
0.379562
0.360746
0.802144
0.099824
0.413520
0.411195
0.439850
0.340562
0.632525
0.213596
0.299068
0.030292
0.233724
0.817096
0.030298
0.153720
0.420250
0.314406
0.150937
0.263360
0.340746
0.187780
0.366368
0.087223
0.444270
0.122751
0.091664
0.568872
0.443571
0.658694
0.998781
0.391827
0.681460
0.741726
0.035663
0.067488
0.099290
0.638730
0.784340
0.767180
0.101089
0.020205
0.952928
0.927485
0.232493
0.473605
0.017523
0.442245
0.794221
0.557854
0.658602
0.928472
0.782554
0.434497
0.365075
0.086760
0.094231
0.432778
0.928093
0.804894
0.903743
0.836671
0.114734
0.127248
0.873648
0.074163
0.525505
0.048787
0.202709
0.085960
0.004118
0.823344
0.965238
0.336131
0.316234
0.899132
0.213677
0.975420
0.556926
0.023626
0.574166
0.493997
0.623751
0.574210
0.683779
0.610097
0.420989
0.864925
0.623292
0.580468
0.386176
0.413755
0.269250
0.924793
0.676345
0.805018
0.205100
0.206813
0.469955
0.489271
0.927807
0.877866
0.461383
0.285862
0.701429
0.772849
0.705987
0.413759
0.633338
0.053512
0.551255
0.013001
0.676162
0.759635
0.827795
0.536180
0.036093
0.585662
0.715104
0.306481
0.346177
0.620009
0.511843
0.441329
0.344913
0.028495
0.777338
0.229621
0.292360
0.634718
0.146859
0.692429
0.017563
0.041795
0.313007
0.234186
0.085126
0.985593
0.792042
0.051563
0.811109
0.533732
0.818513
0.873996
0.667871
0.212335
0.023268
0.992192
0.366288
0.209362
0.016253
0.733732
0.666976
0.165718
0.011941
0.178349
0.778203
0.310017
0.675427
0.095671
0.278392
0.547583
0.232877
0.726699
0.540187
0.696944
0.961124
0.024316
0.018588
0.136760
0.655615
0.490520
0.838549
0.331954
0.859932
0.487360
0.421525
0.840129
0.137831
0.308730
0.422947
0.638517
0.672714
0.851142
0.713573
0.779278
0.010000
0.148479
0.180489
0.188632
0.913801
0.589749
0.604698
0.725793
0.517248
0.336390
0.101189
0.653997
0.210753
0.329119
0.596943
0.331980
0.867315
0.621412
0.538280
0.984383
0.959979
0.411004
0.630187
0.768869
0.122820
0.641321
0.538907
0.331812
0.560852
0.006347
0.460362
0.579634
0.071534
0.475286
0.549064
0.326027
0.024649
0.433645
0.896729
0.784105
0.510106
0.356504
0.981226
0.924922
0.634458
0.745045
0.912534
0.528837
0.084705
0.291750
0.973907
0.213011
0.118391
0.831447
0.687304
0.867236
0.946311
0.288813
0.169491
0.201676
0.490786
0.267581
0.839236
0.575540
0.998871
0.128121
0.489955
0.896844
0.314715
0.869010
0.462572
0.262981
0.445312
0.131469
0.699732
0.642926
0.644026
0.465255
0.097558
0.418246
0.669405
0.178607
0.010714
0.026238
0.314250
0.706673
0.429532
0.449410
0.230732
0.301562
0.106531
0.426806
0.569091
0.817501
0.338860
0.220770
0.895515
0.546905
0.741511
0.644369
0.232877
0.083410
0.904916
0.067586
0.177828
0.437779
0.504327
0.892561
0.769192
0.519152
0.104978
0.778490
0.823714
0.290361
0.427146
0.854642
0.602074
0.600382
0.242848
0.575391
0.034989
0.843521
0.868173
0.424861
0.018531
0.163429
0.592228
0.691975
0.000035
0.145819
0.498778
0.221391
0.819766
0.577786
0.346309
0.754439
0.475612
0.410535
0.286010
0.949988
0.643379
0.078321
0.727716
0.801908
0.746768
0.597337
0.077073
0.221907
0.539956
0.707664
0.031936
0.448983
0.281141
0.808241
0.764450
0.485301
0.954826
0.663988
0.452501
0.389205
0.789497
0.195909
0.038648
0.316201
0.739414
0.975329
0.767682
0.165722
0.206057
0.973898
0.420132
0.433401
0.196486
0.328873
0.356134
0.894242
0.310234
0.291363
0.602832
0.450912
0.449721
0.572065
0.552867
0.413422
0.325592
0.188770
0.138655
0.562385
0.620440
0.872153
0.057117
0.159085
0.852411
0.586584
0.145793
0.063761
0.392927
0.771749
0.960165
0.911241
0.916949
0.275444
0.033148
0.863604
0.554691
0.410199
0.973790
0.446644
0.753527
0.174222
0.199048
0.904968
0.009124
0.994065
0.609043
0.044678
0.174819
0.701464
0.284479
0.728331
0.575415
0.194705
0.380200
0.740643
0.031223
0.966034
0.839385
0.242020
0.614199
0.526956
0.590184
0.198050
0.311961
0.624427
0.195156
0.134742
0.147299
0.920124
0.891476
0.080329
0.898565
0.675025
0.927247
0.264219
0.676070
0.630967
0.610441
0.842396
0.845638
0.163706
0.538941
0.786623
0.345225
0.368091
0.773231
0.933800
0.334329
0.760543
0.900586
0.753393
0.447651
0.998151
0.877831
0.507725
0.120684
0.433950
0.538210
0.395195
0.520612
0.486471
0.719541
0.863896
0.384050
0.996474
0.081237
0.337195
0.444874
0.788180
0.996121
0.018504
0.369989
0.125525
0.051093
0.545482
0.025664
0.250692
0.994013
0.990514
0.117629
0.572713
0.700828
0.891388
0.508002
0.714317
0.388521
0.621299
0.863177
0.667039
0.800420
0.838618
0.358835
0.905032
0.078492
0.003298
0.419283
0.890043
0.103276
0.907521
0.434548
0.901921
0.020028
0.883473
0.944261
0.255125
0.726510
0.251491
0.344769
0.431495
0.223916
0.728577
0.035602
0.458598
0.830875
0.892402
0.422070
0.492118
0.437936
0.491848
0.009059
0.286623
0.795831
0.905151
0.212011
0.343947
0.547877
0.504472
0.557513
0.560059
0.551028
0.115785
0.809117
0.213315
0.400069
0.330236
0.723147
0.978323
0.847559
0.683371
0.681768
0.155171
0.573395
0.868076
0.261921
0.583737
0.030655
0.272658
0.852613
0.393205
0.610236
0.464742
0.031131
0.209427
0.310081
0.392771
0.430989
0.114481
0.353449
0.308618
0.988811
0.196697
0.615286
0.876560
0.529970
0.133908
0.330471
0.915759
0.758027
0.871885
0.869451
0.405922
0.543066
0.063566
0.575798
0.090501
0.479594
0.758096
0.919893
0.450311
0.604188
0.622930
0.889564
0.345539
0.853519
0.263760
0.421849
0.978813
0.809420
0.508216
0.292612
0.400146
0.852477
0.637866
0.688487
0.830584
0.440244
0.802574
0.357426
0.040271
0.579884
0.310778
0.892070
0.684116
0.995258
0.253585
0.169454
0.320518
0.140639
0.349921
0.029502
0.152702
0.311048
0.870464
0.904825
0.815549
0.194363
0.651221
0.750069
0.651634
0.432789
0.200645
0.398146
0.387270
0.068986
0.660022
0.484007
0.332092
0.181232
0.333847
0.618008
0.724154
0.926756
0.869319
0.307593
0.557344
0.555172
0.151496
0.668037
0.730389
0.495289
0.078488
0.633774
0.108773
0.207076
0.590320
0.787753
0.695046
0.303028
0.412300
0.126941
0.552447
0.234476
0.721175
0.840219
0.055262
0.191453
0.397867
0.206233
0.971313
0.440830
0.257641
0.942380
0.482479
0.115706
0.976241
0.123876
0.573822
0.036948
0.703634
0.219215
0.967059
0.890731
0.185768
0.883344
0.526637
0.477735
0.725284
0.144248
0.554137
0.591845
0.395897
0.196715
0.727300
0.758846
0.489532
0.566672
0.392358
0.776638
0.392970
0.271420
0.132112
0.034007
0.650387
0.319276
0.797208
0.559342
0.323651
0.463640
0.685154
0.856145
0.383507
0.251584
0.101890
0.839367
0.486995
0.738933
0.856300
0.694069
0.370754
0.639009
0.171291
0.662393
0.232738
0.440255
0.289220
0.631373
0.918576
0.181592
0.588332
0.775476
0.771283
0.079327
0.084796
0.315319
0.457572
0.224771
0.687050
0.926852
0.529911
0.739419
0.801049
0.290878
0.515319
0.409873
0.803053
0.356623
0.800135
0.205880
0.337549
0.828714
0.880484
0.693433
0.339520
0.226299
0.812698
0.125389
0.490504
0.235795
0.083520
0.562164
0.505707
0.443148
0.049571
0.335637
0.114078
0.423439
0.507690
0.314323
0.874968
0.449576
0.556408
0.004304
0.504196
0.199993
0.413889
0.478442
0.230585
0.068269
0.254272
0.369448
0.832987
0.353961
0.913728
0.796810
0.520220
0.420583
0.766039
0.683038
0.205178
0.098300
0.457558
0.713802
0.123641
0.268672
0.070746
0.425152
0.182187
0.857730
0.717587
0.978104
0.053351
0.871115
0.378248
0.978461
0.425295
0.698263
0.840980
0.793053
0.154086
0.587289
0.976892
0.730915
0.446226
0.921831
0.923805
0.930786
0.844664
0.017521
0.448541
0.009128
0.321599
0.478743
0.213897
0.363567
0.454461
0.424031
0.568102
0.335781
0.627144
0.886842
0.989226
0.259611
0.746834
0.541960
0.408837
0.251435
0.778240
0.288622
0.278038
0.640923
0.793092
0.660268
0.660073
0.344446
0.425242
0.126199
0.588051
0.607116
0.963156
0.029049
0.930552
0.192277
0.545224
0.668893
0.594193
0.791857
0.432848
0.232832
0.858467
0.633296
0.396192
0.289344
0.297851
0.637554
0.272777
0.158665
0.178386
0.160226
0.555467
0.951432
0.515331
0.149066
0.880083
0.583321
0.505590
0.254742
0.850877
0.846934
0.679197
0.018697
0.241836
0.205697
0.489935
0.167273
0.111529
0.497714
0.843401
0.402390
0.277691
0.158496
0.164248
0.986876
0.314379
0.926389
0.471559
0.171030
0.299406
0.647535
0.766314
0.843158
0.883451
0.690775
0.057498
0.160905
0.446166
0.387543
0.048914
0.735481
0.610508
0.676080
0.878137
0.803876
0.807149
0.930047
0.108926
0.794324
0.909090
0.543676
0.211021
0.530457
0.826584
0.811979
0.064395
0.745435
0.888301
0.646404
0.162274
0.507974
0.501598
0.692865
0.487552
0.969522
0.038363
0.037779
0.845503
0.601171
0.829403
0.293999
0.362126
0.828526
0.156863
0.926066
0.028111
0.924049
0.937958
0.004730
0.474896
0.864098
0.512810
0.554094
0.518758
0.989463
0.342992
0.479023
0.574264
0.064723
0.144999
0.021816
0.508137
0.256899
0.814338
0.409694
0.332765
0.645001
0.621876
0.010981
0.794997
0.829087
0.405800
0.938243
0.135735
0.683923
0.551997
0.719944
0.330293
0.154535
0.305328
0.834953
0.985020
0.528534
0.627317
0.571506
0.794586
0.855751
0.296060
0.666941
0.354386
0.085216
0.006012
0.417808
0.987290
0.221905
0.783816
0.661097
0.662471
0.992881
0.397143
0.033707
0.651083
0.479827
0.542948
0.864363
0.139403
0.200684
0.296424
0.663664
0.980784
0.688729
0.559955
0.505553
0.254856
0.657446
0.440504
0.267074
0.473219
0.991697
0.613089
0.170930
0.548146
0.660785
0.696591
0.893107
0.963079
0.000980
0.516192
0.520008
0.655073
0.911033
0.284913
0.308502
0.659489
0.294255
0.276326
0.788565
0.561570
0.468337
0.443407
0.600373
0.749010
0.355543
0.767255
0.252588
0.630821
0.620896
0.387232
0.981021
0.662984
0.807100
0.904662
0.159919
0.748364
0.138141
0.690060
0.432805
0.420652
0.447579
0.724013
0.375576
0.008790
0.504690
0.019812
0.148572
0.554150
0.436955
0.208258
0.132281
0.727996
0.509273
0.498402
0.946753
0.997530
0.950128
0.190110
0.829454
0.206583
0.997360
0.823194
0.970100
0.979106
0.758841
0.162431
0.781944
0.592788
0.687072
0.687342
0.013201
0.394969
0.495482
0.370284
0.184044
0.397499
0.694993
0.966787
0.766274
0.361191
0.802531
0.129520
0.324817
0.699203
0.821864
0.603657
0.111383
0.643248
0.177865
0.919271
0.267536
0.843354
0.707666
0.108923
0.362086
0.443394
0.088830
0.429555
0.789059
0.488486
0.681448
0.131638
0.998690
0.590218
0.846934
0.410203
0.364174
0.180485
0.503324
0.597691
0.018627
0.519319
0.810195
0.863616
0.375521
0.246819
0.224368
0.507971
0.495138
0.560030
0.711656
0.851414
0.531393
0.694092
0.074717
0.603967
0.317314
0.950341
0.300237
0.943801
0.681772
0.965150
0.631020
0.758261
0.370675
0.690638
0.024069
0.130541
0.837185
0.866090
0.511422
0.128035
0.609857
0.816622
0.186635
0.833699
0.215493
0.708840
0.499609
0.821607
0.573618
0.922730
0.862481
0.514853
0.568466
0.731603
0.308998
0.071215
0.897234
0.799620
0.871992
0.253289
0.873021
0.157304
0.163993
0.679629
0.288503
0.862744
0.283614
0.586687
0.711240
0.829277
0.997277
0.813894
0.250973
0.643774
0.237162
0.852151
0.308820
0.223784
0.340447
0.056362
0.561605
0.992621
0.363246
0.242916
0.253327
0.780559
0.919858
0.991381
0.140003
0.794995
0.711582
0.804912
0.371671
0.915419
0.560378
0.505411
0.482449
0.948961
0.894871
0.637348
0.110450
0.783095
0.246802
0.408971
0.276375
0.063644
0.105142
0.632825
0.033343
0.843767
0.096020
0.950790
0.159553
0.844229
0.765905
0.194964
0.726451
0.553416
0.552580
0.287647
0.843114
0.409631
0.846118
0.505392
0.485551
0.045934
0.336136
0.997832
0.978716
0.852668
0.280983
0.076900
0.648420
0.504050
0.541297
0.281810
0.217497
0.197313
0.519706
0.525934
0.330957
0.026469
0.818773
0.580589
0.882111
0.533582
0.951865
0.725080
0.627526
0.190236
0.751226
0.960452
0.553041
0.517819
0.851686
0.755011
0.044017
0.180179
0.378088
0.762132
0.656476
0.614639
0.523486
0.365403
0.046317
0.311382
0.320681
0.693173
0.833468
0.426498
0.531742
0.975606
0.127440
0.006018
0.112271
0.754136
0.468678
0.207854
0.255682
0.598403
0.723288
0.802425
0.147266
0.132452
0.261936
0.193098
0.520982
0.453979
0.640049
0.772214
0.129621
0.472184
0.136937
0.680902
0.730130
0.456265
0.395477
0.800257
0.022518
0.733572
0.098823
0.912381
0.738170
0.200086
0.021818
0.542778
0.279779
0.193179
0.875984
0.656427
0.702019
0.555128
0.429894
0.520365
0.573992
0.003622
0.311336
0.072790
0.269225
0.481479
0.391877
0.725566
0.327166
0.131267
0.504442
0.861993
0.765994
0.221567
0.564540
0.328848
0.096811
0.420953
0.648230
0.930846
0.494494
0.594600
0.745254
0.552037
0.273646
0.998696
0.352705
0.803345
0.855904
0.722157
0.729819
0.544961
0.606707
0.216527
0.002918
0.788935
0.778353
0.147350
0.724142
0.148874
0.787461
0.867993
0.359601
0.483622
0.847875
0.975042
0.251112
0.759342
0.696592
0.458540
0.178255
0.524117
0.615644
0.356874
0.889474
0.111611
0.945448
0.901893
0.096113
0.641191
0.786259
0.372401
0.983291
0.703090
0.028696
0.131739
0.416275
0.965642
0.379502
0.116436
0.668581
0.740441
0.745591
0.767394
0.704454
0.228749
0.501961
0.592715
0.177969
0.952835
0.544280
0.152835
0.306159
0.968810
0.065087
0.835311
0.404721
0.348343
0.096924
0.800374
0.990753
0.106356
0.642712
0.531754
0.134252
0.006962
0.722984
0.513416
0.933728
0.282836
0.673759
0.305591
0.184252
0.301694
0.243818
0.237160
0.159664
0.171055
0.384783
0.731186
0.933782
0.518150
0.473825
0.991773
0.385722
0.560385
0.132229
0.099818
0.367243
0.703522
0.831695
0.079457
0.929150
0.395723
0.345694
0.933704
0.810854
0.717376
0.489871
0.125035
0.972169
0.106415
0.891206
0.253337
0.997287
0.879548
0.071182
0.409044
0.013742
0.499831
0.467449
0.643589
0.958377
0.314545
0.148641
0.383033
0.780103
0.214007
0.598094
0.235297
0.516312
0.077193
0.707755
0.218651
0.214551
0.224750
0.889810
0.821614
0.820481
0.410894
0.290245
0.735283
0.421932
0.184816
0.488239
0.462179
0.460169
0.037675
0.753889
0.075407
0.604303
0.436267
0.083164
0.093190
0.172525
0.208341
0.455305
0.052508
0.091725
0.381816
0.389288
0.857787
0.060768
0.351386
0.190754
0.183287
0.545698
0.526969
0.760498
0.098658
0.539312
0.550916
0.414683
0.034100
0.292699
0.911985
0.483168
0.213578
0.930554
0.756682
0.096482
0.660936
0.531353
0.841148
0.338021
0.864649
0.752270
0.583449
0.073051
0.602927
0.849200
0.786594
0.220236
0.353266
0.255105
0.792246
0.908051
0.101309
0.083629
0.094882
0.963965
0.325401
0.696404
0.062660
0.078330
0.958888
0.066437
0.656750
0.030104
0.355580
0.169615
0.463195
0.773787
0.729504
0.202608
0.013957
0.385086
0.372942
0.547776
0.105806
0.719037
0.732636
0.151278
0.471850
0.723710
0.339105
0.245079
0.831066
0.203558
0.725215
0.100513
0.662268
0.170411
0.065055
0.052313
0.412052
0.941559
0.930861
0.257363
0.658608
0.731119
0.563097
0.259917
0.687849
0.473645
0.526197
0.210843
0.183383
0.061752
0.869926
0.646715
0.241711
0.569399
0.614538
0.767830
0.668302
0.569632
0.848182
0.682855
0.724231
0.493361
0.179161
0.710515
0.927894
0.470522
0.076372
0.472246
0.688517
0.056413
0.501566
0.678940
0.989910
0.186695
0.570851
0.542825
0.852181
0.090424
0.054493
0.043276
0.189239
0.390383
0.748576
0.582187
0.030079
0.356079
0.935180
0.197861
0.976772
0.072163
0.735650
0.611673
0.592069
0.922122
0.491217
0.182693
0.020635
0.245257
0.854208
0.893741
0.191683
0.738825
0.909554
0.917914
0.084458
0.284447
0.878972
0.075448
0.684435
0.469312
0.188594
0.622976
0.855782
0.442235
0.444868
0.685159
0.608591
0.639442
0.094007
0.184556
0.367479
0.785065
0.808364
0.120064
0.336604
0.820262
0.410778
0.335929
0.905998
0.648907
0.017732
0.688880
0.021988
0.866626
0.047203
0.515369
0.332505
0.726138
0.431246
0.107107
0.764268
0.201392
0.320920
0.182310
0.556439
0.064659
0.437322
0.081452
0.993753
0.756669
0.062767
0.187357
0.495750
0.585356
0.176958
0.265576
0.938218
0.461927
0.011139
0.515880
0.234054
0.205444
0.046301
0.921035
0.175186
0.103331
0.337707
0.354817
0.242165
0.292958
0.766029
0.075335
0.696365
0.969498
0.044756
0.968417
0.469944
0.971588
0.844200
0.833246
0.614865
0.945934
0.405070
0.311070
0.834125
0.745234
0.330587
0.768051
0.631218
0.623734
0.577213
0.653980
0.128771
0.018138
0.862983
0.996144
0.640777
0.547700
0.022212
0.757329
0.667223
0.349105
0.139810
0.621417
0.412962
0.944851
0.372056
0.280712
0.027877
0.697299
0.118360
0.725124
0.101892
0.146362
0.956110
0.192003
0.120877
0.492293
0.434320
0.972418
0.458311
0.444300
0.278422
0.908450
0.418765
0.092474
0.765743
0.208514
0.004323
0.309092
0.357112
0.783684
0.601358
0.083629
0.123436
0.125447
0.105271
0.734477
0.986403
0.340428
0.053610
0.913464
0.339768
0.194642
0.827241
0.973764
0.662535
0.341138
0.624934
0.558012
0.349187
0.581025
0.703985
0.084548
0.126727
0.387361
0.809440
0.272330
0.206278
0.681164
0.053685
0.508591
0.221507
0.243553
0.038766
0.990570
0.170987
0.260930
0.283811
0.379407
0.031127
0.492180
0.092660
0.609475
0.605667
0.907434
0.701447
0.372162
0.082481
0.444332
0.727209
0.214533
0.874889
0.655501
0.706790
0.688801
0.719831
0.453710
0.496554
0.289453
0.916516
0.200691
0.889159
0.205916
0.634804
0.911723
0.401196
0.087370
0.661312
0.068905
0.467654
0.903658
0.932573
0.237566
0.434450
0.636058
0.018396
0.476849
0.722766
0.441084
0.045758
0.119548
0.318334
0.299708
0.715158
0.388149
0.550539
0.146648
0.269520
0.112543
0.721173
0.426206
0.882768
0.446673
0.037520
0.752116
0.684485
0.451338
0.031389
0.371568
0.912219
0.051608
0.002562
0.913996
0.758537
0.600800
0.325470
0.112157
0.770874
0.828114
0.780668
0.938652
0.974190
0.631122
0.512804
0.730446
0.665778
0.142870
0.134400
0.155601
0.415180
0.980095
0.766043
0.291597
0.667532
0.115598
0.069975
0.068038
0.364033
0.544185
0.252917
0.015780
0.667323
0.785656
0.508048
0.750475
0.611845
0.326372
0.873855
0.195114
0.829734
0.707034
0.213247
0.960443
0.362120
0.061053
0.179523
0.004321
0.525258
0.265617
0.121903
0.084530
0.322453
0.334971
0.893366
0.210600
0.578961
0.439332
0.224015
0.348586
0.821000
0.727999
0.496443
0.800952
0.555547
0.554773
0.453327
0.687767
0.559099
0.408744
0.145354
0.714116
0.716115
0.833217
0.618522
0.294132
0.917060
0.437337
0.788760
0.189475
0.228164
0.164385
0.268854
0.137871
0.567060
0.751359
0.723976
0.726740
0.187979
0.598106
0.529182
0.692753
0.515248
0.440808
0.992370
0.287905
0.023285
0.502039
0.362186
0.687263
0.594571
0.454073
0.950724
0.166934
0.884111
0.197840
0.419661
0.949922
0.860505
0.319316
0.075509
0.902799
0.701107
0.158722
0.630149
0.320630
0.303776
0.814261
0.557934
0.717972
0.693065
0.528050
0.936738
0.159439
0.787336
0.772307
0.529911
0.227151
0.239214
0.801674
0.146750
0.199965
0.139260
0.373967
0.824511
0.579936
0.196876
0.005936
0.684101
0.366748
0.888903
0.340074
0.019255
0.776389
0.941386
0.598788
0.145500
0.704157
0.220563
0.416776
0.136512
0.625839
0.632677
0.623243
0.953237
0.749049
0.337067
0.422261
0.782555
0.706996
0.471768
0.350355
0.070162
0.520149
0.575099
0.911274
0.695254
0.731385
0.000386
0.763215
0.696573
0.794266
0.294774
0.205855
0.640150
0.912296
0.818290
0.753925
0.104066
0.492705
0.777857
0.139392
0.345601
0.297908
0.445348
0.832305
0.278011
0.810871
0.112190
0.365941
0.699947
0.539926
0.439265
0.478060
0.838166
0.189817
0.314324
0.497898
0.747083
0.238018
0.294853
0.007424
0.786041
0.350624
0.747997
0.652511
0.111587
0.825542
0.097051
0.970777
0.987984
0.390771
0.233012
0.211331
0.360511
0.943488
0.377426
0.649515
0.944554
0.376238
0.107258
0.726592
0.466167
0.387267
0.132694
0.178444
0.319596
0.953926
0.903999
0.944653
0.972730
0.004906
0.503801
0.184225
0.906542
0.256014
0.237242
0.858991
0.689193
0.375432
0.185459
0.600926
0.194820
0.771215
0.949903
0.553904
0.732186
0.702634
0.238482
0.500463
0.465820
0.917469
0.572643
0.354929
0.524418
0.122132
0.611151
0.358749
0.395770
0.766406
0.665686
0.463138
0.917943
0.538593
0.340797
0.167617
0.471934
0.742000
0.671566
0.817849
0.956212
0.185133
0.103131
0.198072
0.138911
0.144166
0.493684
0.405917
0.914823
0.328422
0.504360
0.022228
0.483420
0.032592
0.133711
0.615670
0.168127
0.930651
0.269941
0.609245
0.438797
0.346943
0.370292
0.519657
0.117311
0.623519
0.273832
0.924879
0.944547
0.136635
0.642158
0.162791
0.885312
0.049549
0.173434
0.484735
0.231624
0.426704
0.010694
0.031092
0.734894
0.482519
0.267899
0.738098
0.420730
0.555847
0.320142
0.881094
0.198439
0.651473
0.081327
0.992199
0.918778
0.788563
0.448050
0.021154
0.721485
0.861724
0.087369
0.826052
0.677744
0.625358
0.844250
0.953255
0.216783
0.831462
0.938069
0.588491
0.240514
0.513325
0.393538
0.007531
0.301580
0.144023
0.537298
0.626807
0.639907
0.593974
0.005421
0.231634
0.148128
0.853561
0.307944
0.350377
0.639929
0.715982
0.233675
0.333197
0.815821
0.575832
0.042039
0.097947
0.512389
0.187662
0.659175
0.916014
0.653149
0.345969
0.794305
0.047743
0.527395
0.647188
0.731303
0.599202
0.858606
0.631588
0.382143
0.086316
0.602802
0.988275
0.256471
0.863499
0.571913
0.152259
0.188858
0.635078
0.105592
0.494746
0.746662
0.629977
0.930412
0.575318
0.131993
0.922688
0.627217
0.209560
0.396587
0.643817
0.370187
0.733188
0.854878
0.087015
0.665312
0.092142
0.544945
0.709466
0.077483
0.738832
0.427093
0.792117
0.535790
0.702469
0.093456
0.703334
0.903173
0.263645
0.098295
0.753700
0.512173
0.991147
0.506749
0.076347
0.241539
0.286052
0.939918
0.680781
0.143114
0.271818
0.696834
0.251057
0.344350
0.819253
0.530534
0.661788
0.934422
0.605534
0.307826
0.916625
0.292164
0.483024
0.193217
0.950071
0.098501
0.636313
0.659730
0.729896
0.377075
0.297166
0.677016
0.436834
0.871965
0.382923
0.884534
0.341892
0.964525
0.743132
0.589701
0.838725
0.981301
0.613979
0.593489
0.986476
0.996591
0.965587
0.335242
0.772859
0.196781
0.211801
0.751408
0.091511
0.175091
0.967054
0.786989
0.443781
0.556457
0.365021
0.301944
0.502780
0.520108
0.786547
0.436349
0.624891
0.764893
0.520740
0.487244
0.947031
0.437988
0.946989
0.296754
0.981137
0.475423
0.774158
0.736036
0.302897
0.652606
0.906457
0.414053
0.550233
0.650033
0.776842
0.456106
0.097096
0.354665
0.854682
0.436941
0.376487
0.957616
0.304446
0.060313
0.398164
0.706022
0.958992
0.334884
0.874265
0.219161
0.340453
0.079669
0.941141
0.399513
0.082781
0.015993
0.487427
0.237552
0.904631
0.272714
0.883984
0.319472
0.074810
0.293619
0.606547
0.960013
0.883167
0.227293
0.070143
0.474109
0.959068
0.377969
0.507503
0.812825
0.802062
0.069038
0.051588
0.278170
0.742658
0.827818
0.283014
0.220800
0.826150
0.540245
0.412727
0.952721
0.103065
0.687473
0.352991
0.778085
0.263194
0.893517
0.128042
0.278694
0.916390
0.355371
0.160028
0.272250
0.505832
0.756464
0.784884
0.191747
0.444589
0.583298
0.083178
0.780173
0.653712
0.366883
0.507763
0.738261
0.012416
0.888959
0.436091
0.352127
0.023974
0.352293
0.331610
0.725744
0.173747
0.579683
0.654940
0.379558
0.380309
0.533348
0.588840
0.995662
0.692139
0.531344
0.426977
0.602381
0.989158
0.067556
0.598724
0.622681
0.141930
0.844104
0.562388
0.853255
0.546147
0.617904
0.577420
0.501519
0.573885
0.505382
0.870088
0.059112
0.606731
0.130420
0.223156
0.721113
0.483322
0.230491
0.162363
0.724356
0.402033
0.235331
0.873471
0.845512
0.268874
0.722672
0.783787
0.105464
0.824223
0.248421
0.479990
0.721881
0.476460
0.696788
0.736568
0.553344
0.925341
0.242347
0.901173
0.718243
0.385756
0.144749
0.557523
0.047647
0.489278
0.682074
0.174531
0.357047
0.915384
0.485752
0.591115
0.776343
0.108717
0.674280
0.497239
0.155387
0.398249
0.440726
0.198494
0.724206
0.727139
0.967465
0.617695
0.108675
0.509888
0.697911
0.744262
0.625463
0.790587
0.457687
0.220434
0.661781
0.520397
0.695281
0.910657
0.308723
0.994689
0.104248
0.672984
0.200149
0.084429
0.135567
0.003139
0.416386
0.109506
0.840320
0.195582
0.063119
0.983999
0.170917
0.431854
0.716090
0.518116
0.275428
0.113344
0.832655
0.595202
0.546780
0.480215
0.738368
0.914382
0.729836
0.355341
0.182903
0.362727
0.378381
0.804834
0.272515
0.071203
0.415355
0.776173
0.889509
0.234929
0.648201
0.850323
0.331790
0.712599
0.382675
0.193019
0.692302
0.837462
0.959153
0.507958
0.559416
0.301296
0.192333
0.254771
0.580974
0.144885
0.555698
0.898991
0.688437
0.988080
0.134497
0.389729
0.730586
0.547390
0.133924
0.121364
0.591367
0.059961
0.222242
0.114509
0.752214
0.503693
0.501656
0.162884
0.659640
0.971305
0.113595
0.929138
0.143779
0.421383
0.720948
0.954374
0.738237
0.445380
0.579587
0.871998
0.827067
0.012420
0.967863
0.713125
0.607461
0.193339
0.128681
0.563127
0.439200
0.134195
0.978195
0.309928
0.051693
0.513509
0.922377
0.225540
0.610262
0.045508
0.612900
0.382282
0.884049
0.405875
0.172457
0.741604
0.803534
0.082005
0.773195
0.311819
0.906215
0.865024
0.797239
0.275138
0.420763
0.987067
0.622923
0.985802
0.674349
0.699343
0.232378
0.369787
0.782105
0.521844
0.834487
0.470519
0.114778
0.565099
0.941178
0.720362
0.278882
0.522062
0.364755
0.338670
0.487309
0.901112
0.350010
0.006210
0.466992
0.269430
0.088586
0.413366
0.929369
0.103031
0.646387
0.274321
0.119814
0.901929
0.470196
0.118076
0.830731
0.585805
0.120386
0.364748
0.291654
0.599941
0.336353
0.454911
0.586480
0.348761
0.504508
0.782064
0.256267
0.454145
0.730440
0.872873
0.854952
0.279772
0.072780
0.233948
0.779720
0.246271
0.772700
0.933182
0.307743
0.713308
0.096757
0.781650
0.562823
0.855292
0.429536
0.730606
0.000473
0.691751
0.624290
0.176924
0.845594
0.639280
0.103516
0.487667
0.915856
0.970156
0.446321
0.496201
0.104702
0.937136
0.995764
0.602893
0.934720
0.051734
0.547638
0.625123
0.494540
0.784584
0.263734
0.704791
0.475969
0.444618
0.299422
0.495196
0.183581
0.045257
0.099862
0.939939
0.313093
0.890090
0.144607
0.229228
0.019888
0.420415
0.990434
0.806663
0.622671
0.528217
0.551467
0.513303
0.023110
0.219767
0.578988
0.334960
0.149431
0.838960
0.566508
0.580484
0.045044
0.351074
0.754901
0.308879
0.482744
0.725105
0.384684
0.165018
0.566813
0.717638
0.815339
0.529313
0.831091
0.287961
0.973081
0.665728
0.007928
0.100515
0.807525
0.823162
0.353834
0.687564
0.933651
0.543408
0.110993
0.646173
0.448329
0.619093
0.063760
0.976234
0.471251
0.669402
0.935521
0.280591
0.339478
0.430621
0.549206
0.947604
0.545119
0.941215
0.745326
0.727158
0.549220
0.513996
0.281179
0.852859
0.025131
0.985834
0.606165
0.318493
0.015042
0.301405
0.068725
0.301706
0.948551
0.182634
0.823788
0.461217
0.637133
0.949214
0.304926
0.787680
0.778688
0.555067
0.447280
0.437905
0.378515
0.486542
0.006226
0.055729
0.903764
0.304012
0.938566
0.211910
0.165335
0.601157
0.289417
0.964551
0.482467
0.885512
0.766142
0.038424
0.889605
0.057737
0.853438
0.587019
0.142090
0.571779
0.119625
0.979100
0.356697
0.107775
0.237280
0.039065
0.965793
0.376719
0.161392
0.867757
0.591193
0.020912
0.110596
0.930748
0.667470
0.075873
0.232576
0.881116
0.517252
0.044263
0.620259
0.392763
0.845848
0.805532
0.212928
0.631238
0.663400
0.679271
0.863926
0.347512
0.733865
0.386949
0.797496
0.615255
0.206744
0.154930
0.890804
0.065881
0.915031
0.088918
0.797828
0.933196
0.367846
0.371670
0.240129
0.079231
0.065413
0.015651
0.701372
0.416149
0.895076
0.392014
0.919503
0.200653
0.898009
0.686752
0.629970
0.694697
0.136017
0.762073
0.898052
0.750365
0.135730
0.662225
0.526818
0.281516
0.983567
0.562229
0.643514
0.077205
0.519861
0.257833
0.871007
0.442200
0.805637
0.105876
0.967667
0.121489
0.572753
0.494763
0.469711
0.484853
0.319920
0.631807
0.461148
0.074069
0.076731
0.432423
0.910338
0.111655
0.258960
0.168882
0.096549
0.152258
0.005543
0.944351
0.068420
0.644573
0.585815
0.990848
0.157770
0.135350
0.950386
0.814574
0.661752
0.262572
0.966885
0.724701
0.513986
0.580785
0.919453
0.755403
0.217273
0.869136
0.186020
0.227725
0.398158
0.576580
0.758085
0.577538
0.974385
0.846596
0.192800
0.806367
0.272884
0.476474
0.336057
0.279465
0.186921
0.747705
0.517943
0.214350
0.070493
0.311285
0.079174
0.265542
0.005652
0.925117
0.860058
0.137944
0.079623
0.473331
0.384259
0.250776
0.624252
0.205841
0.750515
0.553069
0.017127
0.830297
0.949810
0.665196
0.653813
0.980452
0.336997
0.421907
0.372026
0.640787
0.078979
0.531849
0.754523
0.495797
0.491320
0.685974
0.937285
0.515847
0.567216
0.859827
0.397825
0.715111
0.643412
0.408081
0.555589
0.199068
0.873829
0.567377
0.258347
0.840907
0.970879
0.217410
0.496860
0.122466
0.894871
0.830016
0.142138
0.483710
0.832369
0.919908
0.558128
0.536131
0.804178
0.534722
0.546208
0.503638
0.622985
0.250460
0.930459
0.506725
0.110057
0.213622
0.914092
0.752034
0.551293
0.263844
0.113008
0.233221
0.287022
0.429289
0.403158
0.296804
0.190008
0.788182
0.670850
0.937851
0.085151
0.088567
0.511570
0.227793
0.036217
0.697645
0.431105
0.056048
0.894052
0.573052
0.226338
0.807498
0.732066
0.500400
0.790974
0.571236
0.344075
0.891676
0.448560
0.557602
0.043097
0.883335
0.171650
0.118644
0.664342
0.284520
0.327999
0.853254
0.168971
0.406797
0.293670
0.916893
0.185317
0.836837
0.796294
0.734720
0.470117
0.500643
0.872129
0.676918
0.773050
0.698415
0.026665
0.939987
0.233857
0.277126
0.534277
0.384868
0.912916
0.445778
0.767603
0.612067
0.674873
0.446668
0.247373
0.258936
0.622542
0.973366
0.499104
0.741229
0.967403
0.799296
0.311263
0.239651
0.366830
0.054730
0.142160
0.165060
0.740352
0.297584
0.018018
0.088973
0.672352
0.375867
0.615750
0.868198
0.131542
0.816125
0.410046
0.545619
0.194087
0.410267
0.880257
0.398803
0.193603
0.958140
0.178471
0.012348
0.574375
0.978811
0.232250
0.450235
0.171573
0.181535
0.635147
0.935527
0.552121
0.717596
0.522776
0.044150
0.931018
0.674748
0.864546
0.378091
0.429704
0.962861
0.659778
0.295128
0.605585
0.036983
0.615850
0.284107
0.185710
0.754583
0.225014
0.437178
0.354120
0.837941
0.230933
0.586464
0.233514
0.758952
0.286779
0.648873
0.970088
0.558892
0.920517
0.618768
0.068913
0.914795
0.522010
0.226609
0.969769
0.249981
0.998644
0.258367
0.824408
0.520191
0.574793
0.824381
0.700770
0.477872
0.264704
0.849468
0.053419
0.292840
0.173034
0.803698
0.958689
0.783389
0.582601
0.233667
0.904616
0.661458
0.901028
0.218684
0.577272
0.920518
0.848261
0.149752
0.214708
0.175284
0.682899
0.599127
0.466229
0.606200
0.959519
0.855471
0.947472
0.454964
0.970324
0.488153
0.610902
0.374552
0.106537
0.071026
0.837432
0.550432
0.347746
0.641438
0.619250
0.399696
0.686239
0.247386
0.058553
0.920065
0.769170
0.901273
0.504186
0.828106
0.410879
0.722055
0.231428
0.500244
0.922960
0.021530
0.523063
0.244425
0.728672
0.540785
0.106912
0.495609
0.284434
0.138497
0.061160
0.383915
0.503562
0.595758
0.819760
0.587676
0.260873
0.157754
0.742307
0.100268
0.011506
0.259123
0.692788
0.233092
0.459454
0.058716
0.177316
0.899205
0.702307
0.875299
0.190207
0.602730
0.515912
0.006139
0.019689
0.056345
0.848829
0.316320
0.768214
0.498913
0.110158
0.201872
0.288106
0.452060
0.159558
0.301526
0.051587
0.280478
0.764849
0.610277
0.236478
0.776537
0.665837
0.336261
0.976921
0.423998
0.773855
0.047249
0.404907
0.685050
0.711651
0.933780
0.286346
0.854363
0.139803
0.635400
0.868666
0.816412
0.671768
0.250418
0.029949
0.589088
0.713363
0.296970
0.117357
0.326892
0.103055
0.386102
0.540797
0.558039
0.821655
0.781183
0.442705
0.737322
0.394228
0.380656
0.683375
0.683963
0.549132
0.704235
0.190965
0.442938
0.620822
0.370880
0.044423
0.439044
0.491539
0.217796
0.744722
0.193470
0.235064
0.464228
0.134547
0.128876
0.242003
0.215827
0.638905
0.215262
0.424420
0.631962
0.599662
0.097584
0.088047
0.439749
0.787114
0.417718
0.457933
0.328006
0.903254
0.896506
0.399287
0.448417
0.396901
0.303128
0.106083
0.599259
0.933555
0.213701
0.967825
0.182046
0.786446
0.781913
0.267734
0.168974
0.514222
0.022674
0.126785
0.768210
0.980098
0.084629
0.266859
0.346878
0.852689
0.976126
0.817203
0.293193
0.656533
0.357526
0.892055
0.648008
0.547346
0.544133
0.899438
0.493445
0.750845
0.330267
0.143495
0.686824
0.892821
0.776070
0.912512
0.709581
0.770638
0.652374
0.824785
0.253993
0.872065
0.851699
0.173241
0.989295
0.676275
0.109261
0.571319
0.480273
0.404610
0.779263
0.576768
0.925785
0.996670
0.949205
0.642059
0.645284
0.132288
0.697010
0.711088
0.674694
0.704606
0.979362
0.818281
0.498488
0.266838
0.239504
0.930344
0.605300
0.259307
0.921945
0.050678
0.925562
0.798277
0.341184
0.845204
0.210616
0.139058
0.760961
0.075299
0.415370
0.668548
0.667006
0.283314
0.226252
0.132939
0.455359
0.079178
0.061104
0.351885
0.583676
0.148811
0.389353
0.638296
0.446266
0.638082
0.763704
0.651496
0.214821
0.767117
0.906613
0.219336
0.843934
0.571687
0.896505
0.421572
0.659597
0.239697
0.494301
0.722304
0.044328
0.065564
0.937117
0.354321
0.896630
0.053192
0.803453
0.313956
0.795753
0.394734
0.475879
0.933586
0.243784
0.688335
0.149805
0.912603
0.412709
0.850130
0.569780
0.149846
0.499168
0.256245
0.730757
0.614793
0.917142
0.017173
0.626576
0.595731
0.049904
0.253216
0.930587
0.885706
0.376550
0.384768
0.875894
0.116913
0.302571
0.369806
0.890343
0.477673
0.603868
0.373361
0.012438
0.280117
0.762870
0.916039
0.250281
0.268728
0.685853
0.262322
0.780978
0.538151
0.971933
0.831728
0.860403
0.471905
0.514682
0.169763
0.113631
0.121308
0.292851
0.439433
0.298619
0.956053
0.611723
0.191985
0.927002
0.365100
0.233341
0.067283
0.236215
0.740187
0.052972
0.045133
0.840086
0.396265
0.589157
0.419850
0.046795
0.075968
0.232381
0.068203
0.883392
0.842081
0.197679
0.107526
0.567535
0.916687
0.532323
0.244426
0.735574
0.502500
0.502284
0.058296
0.590527
0.986153
0.709707
0.977138
0.145933
0.730228
0.445480
0.630553
0.487222
0.107189
0.951743
0.716602
0.979449
0.600831
0.432391
0.121551
0.350370
0.926967
0.107115
0.175850
0.755611
0.823078
0.236107
0.023347
0.175614
0.685224
0.556368
0.796471
0.643092
0.739169
0.752502
0.816537
0.898787
0.211400
0.549513
0.329348
0.619420
0.695148
0.454541
0.311833
0.555185
0.908081
0.609399
0.880743
0.908089
0.523721
0.244705
0.550490
0.433531
0.080617
0.776167
0.540674
0.865160
0.874867
0.159061
0.056830
0.860028
0.606614
0.051064
0.758436
0.203164
0.654022
0.037633
0.799589
0.166857
0.604007
0.387213
0.959175
0.812270
0.883314
0.843101
0.563523
0.474676
0.452744
0.970385
0.505798
0.466912
0.888211
0.783513
0.558703
0.150092
0.252613
0.334623
0.002111
0.390719
0.830129
0.774553
0.002145
0.186814
0.558564
0.065538
0.105896
0.993354
0.254944
0.063050
0.094908
0.303108
0.024892
0.458395
0.474773
0.089979
0.508030
0.025809
0.287499
0.248388
0.410961
0.518569
0.203036
0.567348
0.578356
0.256445
0.977434
0.668215
0.253669
0.118752
0.124237
0.770133
0.177328
0.057823
0.814990
0.889670
0.395644
0.960270
0.652164
0.846887
0.632488
0.368814
0.606697
0.158018
0.473221
0.225135
0.411951
0.917124
0.481853
0.971461
0.400820
0.180782
0.414503
0.450980
0.773409
0.199317
0.491562
0.548299
0.715070
0.316756
0.975386
0.212756
0.540274
0.174194
0.187695
0.789436
0.024001
0.385239
0.350193
0.653097
0.471914
0.448503
0.892531
0.285146
0.562047
0.864664
0.933602
0.767514
0.018141
0.231539
0.686160
0.382106
0.217841
0.200016
0.381859
0.621082
0.633126
0.239977
0.676307
0.530035
0.796474
0.044889
0.223785
0.350039
0.301015
0.406206
0.452366
0.900401
0.208565
0.526687
0.405891
0.884742
0.453693
0.981097
0.624065
0.219939
0.208470
0.042482
0.320948
0.819653
0.290264
0.494275
0.900860
0.829187
0.148722
0.668161
0.065638
0.751564
0.618122
0.563250
0.255032
0.949798
0.843732
0.995013
0.900480
0.709020
0.727145
0.727339
0.329681
0.024325
0.043038
0.095548
0.143973
0.003884
0.481357
0.323132
0.402171
0.778288
0.202850
0.364319
0.022977
0.950287
0.766516
0.915337
0.894272
0.346713
0.214362
0.179687
0.322614
0.416678
0.667439
0.950131
0.632169
0.405966
0.498302
0.688941
0.031528
0.103467
0.265476
0.107751
0.802635
0.756603
0.407377
0.531861
0.562116
0.771750
0.744395
0.296846
0.826123
0.214065
0.191793
0.986759
0.540390
0.387873
0.572046
0.355205
0.173157
0.981455
0.877719
0.848241
0.606433
0.294097
0.885514
0.299779
0.487344
0.902240
0.284568
0.327368
0.143916
0.067368
0.849083
0.403503
0.246487
0.120631
0.064166
0.402582
0.365964
0.686242
0.677176
0.467224
0.592672
0.713516
0.083389
0.343731
0.724687
0.990219
0.218553
0.402130
0.892900
0.800185
0.691550
0.581701
0.182976
0.186306
0.483371
0.641387
0.053723
0.484755
0.414803
0.702620
0.489715
0.334332
0.261348
0.959249
0.606523
0.741057
0.402057
0.108281
0.233327
0.325600
0.027091
0.991767
0.104464
0.010891
0.510376
0.803403
0.113651
0.858655
0.657779
0.125225
0.427856
0.853934
0.262553
0.845511
0.568380
0.311530
0.098719
0.446835
0.181521
0.461231
0.035539
0.224686
0.617889
0.211521
0.003913
0.136711
0.485979
0.224060
0.745617
0.328119
0.551024
0.211585
0.551606
0.021031
0.113635
0.836108
0.984709
0.688354
0.864481
0.096726
0.088914
0.003321
0.101851
0.599291
0.031912
0.414301
0.689707
0.364189
0.994958
0.744125
0.686665
0.702147
0.415339
0.560534
0.793760
0.348109
0.168533
0.268928
0.644119
0.244658
0.731576
0.703105
0.124384
0.692208
0.844219
0.149956
0.900545
0.694448
0.243543
0.159024
0.784587
0.213426
0.019908
0.529613
0.578832
0.276729
0.372257
0.611781
0.268284
0.844881
0.639089
0.531596
0.484611
0.523952
0.573980
0.386701
0.766125
0.398286
0.812841
0.540298
0.404468
0.841053
0.251487
0.257637
0.359412
0.343973
0.789329
0.419964
0.487682
0.478276
0.286613
0.460453
0.960038
0.670953
0.082684
0.992091
0.413685
0.745961
0.501017
0.538928
0.925683
0.159904
0.158534
0.992916
0.009327
0.654304
0.853040
0.755168
0.382036
0.078771
0.340018
0.292389
0.473200
0.416005
0.460789
0.059319
0.417597
0.393668
0.145999
0.371854
0.388709
0.410801
0.605024
0.032293
0.481662
0.077005
0.102261
0.929742
0.263199
0.278330
0.710194
0.790438
0.512367
0.990300
0.176858
0.012868
0.417415
0.779346
0.927891
0.572520
0.549229
0.120880
0.382367
0.255541
0.667688
0.945234
0.354275
0.617066
0.843390
0.659677
0.760640
0.649466
0.392680
0.821860
0.101451
0.982107
0.768815
0.521598
0.919782
0.764538
0.257191
0.806229
0.412531
0.159479
0.158992
0.430442
0.528401
0.493900
0.077409
0.173004
0.761097
0.692381
0.046219
0.617108
0.688794
0.206243
0.055201
0.892857
0.407972
0.517489
0.164329
0.512825
0.908591
0.654132
0.883405
0.255740
0.201737
0.421947
0.990792
0.558423
0.469452
0.109213
0.029787
0.129555
0.504096
0.830706
0.550363
0.396141
0.351810
0.973471
0.844213
0.908324
0.997222
0.121135
0.680038
0.262249
0.516199
0.550293
0.001769
0.333854
0.787421
0.799553
0.963823
0.356755
0.264608
0.749905
0.193972
0.411024
0.657909
0.168217
0.085902
0.330728
0.609376
0.250805
0.910860
0.579185
0.543261
0.561568
0.922043
0.802288
0.062488
0.042170
0.618704
0.150835
0.299043
0.836924
0.291643
0.989050
0.024766
0.331743
0.631193
0.783570
0.622365
0.567526
0.926597
0.127841
0.002264
0.519573
0.496423
0.412475
0.542585
0.304805
0.878202
0.341740
0.206307
0.309994
0.777621
0.637496
0.246103
0.351900
0.279627
0.010032
0.703938
0.062618
0.692490
0.033949
0.125166
0.721931
0.108972
0.498388
0.177167
0.167617
0.194218
0.234238
0.847845
0.342210
0.356782
0.314619
0.522245
0.571450
0.726598
0.914949
0.934802
0.109515
0.791875
0.369604
0.974300
0.576213
0.066368
0.015910
0.798192
0.101780
0.340661
0.043483
0.178020
0.689155
0.377822
0.616388
0.449051
0.107942
0.947653
0.183986
0.641668
0.608418
0.847861
0.898546
0.111704
0.650440
0.668674
0.996768
0.309561
0.396952
0.044114
0.539336
0.797240
0.843766
0.663278
0.026870
0.567270
0.518545
0.444394
0.689465
0.482803
0.757689
0.699229
0.075947
0.854112
0.688300
0.422664
0.421642
0.919444
0.435191
0.759385
0.951658
0.199139
0.424414
0.344892
0.160226
0.248487
0.352881
0.350142
0.403604
0.419662
0.778954
0.327526
0.140534
0.544857
0.905574
0.150640
0.464496
0.425462
0.972396
0.642046
0.388430
0.125523
0.446930
0.713189
0.685699
0.057178
0.560004
0.710920
0.059459
0.962215
0.524482
0.027952
0.433083
0.153978
0.317703
0.133478
0.231678
0.819765
0.210095
0.898692
0.492119
0.093457
0.250924
0.204619
0.407461
0.804931
0.845824
0.241416
0.720397
0.875819
0.001955
0.944945
0.046938
0.855269
0.100350
0.614063
0.381275
0.934741
0.459670
0.747813
0.429370
0.323598
0.962603
0.512918
0.094113
0.248933
0.560061
0.366975
0.018625
0.220845
0.186895
0.230191
0.044542
0.001242
0.106843
0.117877
0.295085
0.868506
0.747811
0.357295
0.212508
0.986264
0.938432
0.846359
0.708659
0.681711
0.063322
0.339594
0.896309
0.202763
0.920967
0.430427
0.006237
0.554845
0.101004
0.840956
0.737610
0.583833
0.056573
0.323885
0.691796
0.853903
0.994974
0.060241
0.785437
0.615532
0.461902
0.925094
0.788499
0.333241
0.470073
0.556873
0.876398
0.673882
0.094075
0.359736
0.389501
0.389100
0.195027
0.588944
0.753890
0.270436
0.879421
0.603399
0.707843
0.938278
0.167773
0.444850
0.900816
0.038230
0.335041
0.737958
0.465649
0.867514
0.373825
0.758222
0.018330
0.212800
0.863990
0.535150
0.499014
0.437674
0.252498
0.335972
0.447395
0.567013
0.651976
0.491386
0.397342
0.246507
0.956004
0.600564
0.600456
0.243865
0.496781
0.899770
0.844503
0.354754
0.992883
0.350144
0.647254
0.697940
0.961177
0.538464
0.084111
0.962590
0.609931
0.173972
0.281865
0.004125
0.955944
0.078940
0.592299
0.586885
0.185716
0.525622
0.387262
0.121249
0.231648
0.373330
0.608794
0.034460
0.983989
0.152709
0.809220
0.308677
0.286175
0.366995
0.650712
0.592531
0.846727
0.309449
0.253159
0.785493
0.879576
0.500609
0.513365
0.764727
0.794246
0.937143
0.525500
0.894744
0.688604
0.115454
0.548533
0.569569
0.043770
0.787696
0.955387
0.489336
0.630394
0.556292
0.203001
0.887997
0.658030
0.286613
0.853123
0.991520
0.038046
0.378102
0.898824
0.597545
0.891926
0.784411
0.288442
0.594492
0.180470
0.306117
0.341659
0.262954
0.317951
0.729198
0.304719
0.372507
0.584631
0.373026
0.254609
0.966509
0.980070
0.208201
0.924513
0.644987
0.240446
0.962863
0.352460
0.456115
0.150888
0.252321
0.947322
0.800477
0.046862
0.328015
0.094761
0.165090
0.748424
0.275325
0.592185
0.927875
0.792262
0.513957
0.386143
0.814892
0.106492
0.028074
0.495791
0.025245
0.553113
0.525726
0.928350
0.250468
0.586629
0.488230
0.441003
0.260594
0.641895
0.000805
0.370883
0.877637
0.469715
0.177179
0.461206
0.744381
0.138616
0.615027
0.755751
0.572904
0.671869
0.498419
0.642664
0.540083
0.599845
0.941241
0.006749
0.218318
0.091906
0.825496
0.030052
0.187038
0.754955
0.504917
0.374772
0.077473
0.816577
0.232565
0.529625
0.838853
0.871398
0.336525
0.818085
0.073474
0.985016
0.956972
0.599948
0.231042
0.999103
0.407436
0.270104
0.655665
0.845260
0.910779
0.821908
0.083137
0.488698
0.954264
0.627093
0.349132
0.423416
0.816949
0.147718
0.213396
0.019042
0.845965
0.074364
0.269511
0.269959
0.835934
0.742879
0.598294
0.866664
0.828694
0.061903
0.855300
0.947891
0.869729
0.855581
0.844375
0.302978
0.695328
0.839010
0.820886
0.283893
0.082947
0.074788
0.056619
0.814767
0.169707
0.962409
0.865738
0.916317
0.564307
0.671233
0.885338
0.309197
0.570102
0.603416
0.988640
0.342811
0.466937
0.454848
0.612712
0.586726
0.122034
0.797149
0.350629
0.495562
0.412178
0.727616
0.500439
0.143595
0.127528
0.000380
0.506228
0.853576
0.419157
0.462633
0.261561
0.800123
0.066001
0.454518
0.479823
0.239143
0.131119
0.798144
0.442382
0.741901
0.101454
0.886359
0.602486
0.739525
0.649610
0.299583
0.704508
0.307993
0.401248
0.021590
0.244304
0.645171
0.858859
0.213177
0.482375
0.263632
0.133694
0.234702
0.578205
0.902130
0.725245
0.111385
0.258236
0.354406
0.004834
0.413827
0.293546
0.339107
0.690543
0.913511
0.744444
0.654813
0.719217
0.780155
0.741169
0.848485
0.942661
0.254023
0.591943
0.596079
0.805116
0.968966
0.336389
0.775873
0.043889
0.566681
0.854259
0.586490
0.831579
0.152947
0.172308
0.004169
0.124200
0.054277
0.327863
0.822046
0.162828
0.368356
0.703134
0.605833
0.605951
0.921846
0.062636
0.226062
0.044991
0.490703
0.045619
0.480990
0.216355
0.865438
0.790282
0.453419
0.000746
0.499031
0.916463
0.099199
0.865394
0.829042
0.753856
0.548479
0.219442
0.766493
0.474524
0.319166
0.819384
0.469047
0.438210
0.155268
0.873365
0.119801
0.368884
0.273362
0.484179
0.598586
0.998978
0.144318
0.065274
0.321284
0.107303
0.473459
0.027054
0.123409
0.766861
0.142662
0.417977
0.444633
0.454327
0.617709
0.012584
0.626407
0.064281
0.731782
0.153620
0.339082
0.944274
0.062796
0.205398
0.809686
0.713109
0.012879
0.878569
0.006624
0.751568
0.560438
0.701435
0.461092
0.035010
0.829650
0.189110
0.253038
0.099364
0.652914
0.589416
0.476340
0.850052
0.185849
0.643940
0.415819
0.107116
0.071915
0.415493
0.738422
0.964566
0.298202
0.611251
0.320814
0.478742
0.591557
0.826609
0.332708
0.905874
0.284830
0.991447
0.874180
0.715247
0.049086
0.901865
0.659183
0.209312
0.705163
0.840890
0.857469
0.599155
0.665748
0.846253
0.492496
0.392130
0.039370
0.477780
0.560975
0.542812
0.375501
0.917375
0.936033
0.859136
0.723688
0.738157
0.864168
0.018627
0.600684
0.683336
0.517961
0.376627
0.542571
0.668186
0.251867
0.696496
0.801457
0.968778
0.385204
0.423935
0.019417
0.088313
0.040981
0.102190
0.169769
0.136039
0.665579
0.686058
0.944701
0.145527
0.784996
0.580172
0.038808
0.669748
0.588820
0.186185
0.333646
0.181883
0.422054
0.095285
0.935330
0.385687
0.883964
0.073531
0.915172
0.990604
0.237315
0.940021
0.714964
0.968520
0.303618
0.879730
0.719625
0.805506
0.121447
0.727498
0.889531
0.958075
0.864830
0.136170
0.454924
0.175127
0.924487
0.145052
0.080611
0.750109
0.541849
0.604969
0.139029
0.209891
0.927898
0.819290
0.515038
0.655054
0.697775
0.017925
0.891240
0.558760
0.587600
0.300701
0.615695
0.567011
0.500135
0.140589
0.875632
0.871292
0.736813
0.614375
0.034942
0.335318
0.929663
0.182760
0.137030
0.431630
0.379997
0.043147
0.928175
0.502287
0.762075
0.061992
0.473206
0.112910
0.057757
0.810395
0.871492
0.673265
0.079393
0.793369
0.546607
0.793717
0.517497
0.112019
0.590112
0.418936
0.450371
0.326591
0.154683
0.902622
0.085723
0.510558
0.583156
0.274858
0.908832
0.480580
0.949999
0.812530
0.705283
0.049131
0.805588
0.099470
0.254260
0.236109
0.929616
0.393447
0.074466
0.568896
0.799547
0.779391
0.000691
0.538598
0.697806
0.150465
0.704754
0.620914
0.055022
0.029590
0.508035
0.936055
0.846959
0.023159
0.000183
0.051789
0.923745
0.826053
0.444131
0.831247
0.798665
0.103269
0.653602
0.812204
0.110381
0.829874
0.746429
0.862528
0.100204
0.239444
0.753815
0.788416
0.621542
0.014213
0.678877
0.944373
0.481321
0.740997
0.002409
0.489026
0.065842
0.589381
0.412654
0.796497
0.941907
0.167019
0.350258
0.232798
0.367151
0.236322
0.798619
0.369548
0.763360
0.492888
0.181041
0.078049
0.278425
0.605078
0.644861
0.435725
0.614632
0.783104
0.892760
0.110076
0.564894
0.012340
0.864488
0.754249
0.858625
0.867545
0.358124
0.860356
0.363130
0.280994
0.316822
0.644492
0.755343
0.417670
0.280793
0.569686
0.016422
0.704595
0.029381
0.503658
0.505341
0.249843
0.906873
0.727190
0.637112
0.191011
0.758599
0.791260
0.980278
0.644860
0.899664
0.818089
0.752974
0.741985
0.523920
0.269241
0.546996
0.965965
0.440567
0.495331
0.657416
0.559199
0.832985
0.834452
0.607338
0.881986
0.780171
0.453711
0.502229
0.232416
0.804822
0.109264
0.347995
0.057967
0.530946
0.129762
0.746817
0.661594
0.293506
0.066498
0.723012
0.262515
0.966564
0.976749
0.309263
0.592400
0.416477
0.356401
0.876118
0.459289
0.472809
0.471273
0.652292
0.903331
0.599754
0.676294
0.050889
0.599455
0.081101
0.196492
0.081159
0.072703
0.366486
0.477591
0.533830
0.512603
0.708103
0.316679
0.730639
0.575041
0.615842
0.540244
0.328758
0.505524
0.323481
0.508834
0.074788
0.308962
0.065969
0.461298
0.070453
0.021424
0.772767
0.949274
0.305805
0.542411
0.867754
0.902031
0.151367
0.986547
0.393434
0.266606
0.597298
0.276168
0.135410
0.517336
0.157245
0.276874
0.879636
0.467218
0.092424
0.372817
0.285377
0.851278
0.485830
0.074441
0.074747
0.715410
0.438844
0.275924
0.626822
0.124408
0.457409
0.751011
0.500664
0.507479
0.830116
0.652937
0.604998
0.761256
0.316749
0.316238
0.469014
0.217597
0.807088
0.835390
0.463013
0.710516
0.273077
0.398130
0.561764
0.213005
0.523071
0.501249
0.858034
0.095794
0.128056
0.185520
0.117377
0.737045
0.782994
0.646810
0.144736
0.501407
0.101277
0.755441
0.113532
0.540777
0.929447
0.529319
0.621797
0.245541
0.178627
0.732688
0.498561
0.807398
0.567468
0.926542
0.026506
0.322204
0.680939
0.284533
0.591150
0.258402
0.195119
0.755792
0.958058
0.303753
0.778679
0.040471
0.641461
0.456423
0.038347
0.822477
0.711861
0.387373
0.362955
0.645024
0.026739
0.226893
0.776308
0.226980
0.215200
0.941738
0.024003
0.301073
0.840581
0.809141
0.387297
0.748779
0.368847
0.364194
0.885330
0.841812
0.827446
0.817308
0.045614
0.347961
0.119731
0.794138
0.695042
0.581374
0.712595
0.342376
0.856125
0.776828
0.016516
0.244889
0.885453
0.437320
0.982552
0.558890
0.226004
0.178105
0.832963
0.014186
0.277865
0.592583
0.082312
0.013398
0.842058
0.461283
0.083212
0.812553
0.731528
0.270163
0.812870
0.366366
0.547256
0.194906
0.898601
0.909112
0.314054
0.030751
0.436337
0.735306
0.891504
0.730181
0.787427
0.736060
0.505178
0.371618
0.625728
0.944077
0.769425
0.280056
0.257055
0.815829
0.536542
0.304562
0.932694
0.921803
0.351840
0.717955
0.142011
0.579089
0.217272
0.021318
0.888810
0.214569
0.467831
0.931651
0.752249
0.627088
0.498433
0.716786
0.204701
0.074030
0.700741
0.670299
0.632509
0.258430
0.588999
0.133580
0.786136
0.869324
0.724119
0.956433
0.806688
0.628231
0.651836
0.415820
0.447381
0.632102
0.822605
0.299775
0.870425
0.736726
0.980214
0.415756
0.269468
0.389278
0.117921
0.145990
0.190596
0.554706
0.083736
0.683713
0.524678
0.564019
0.751580
0.221070
0.772168
0.984808
0.297099
0.990034
0.968414
0.132778
0.163639
0.690798
0.060882
0.030510
0.365949
0.377086
0.085775
0.414592
0.650739
0.344811
0.064483
0.498780
0.961160
0.420080
0.572525
0.338647
0.586896
0.336035
0.695725
0.797705
0.226170
0.587350
0.928785
0.787050
0.046938
0.358846
0.167140
0.907001
0.271599
0.333930
0.548652
0.141995
0.085178
0.533053
0.600562
0.397166
0.997175
0.836630
0.100096
0.479980
0.590873
0.675887
0.753660
0.452143
0.743087
0.084548
0.306850
0.950452
0.467191
0.090424
0.911247
0.210717
0.051176
0.375798
0.467656
0.752259
0.861878
0.476440
0.540864
0.383449
0.250971
0.139444
0.178113
0.778466
0.315486
0.078473
0.270185
0.024821
0.676385
0.401031
0.756480
0.438635
0.986998
0.725906
0.108019
0.544377
0.065948
0.140761
0.817222
0.387325
0.566856
0.991181
0.601193
0.525957
0.102805
0.255286
0.284652
0.888606
0.093855
0.294778
0.796377
0.690770
0.110232
0.827247
0.893976
0.328561
0.655061
0.419398
0.458899
0.387868
0.634287
0.931110
0.888113
0.951262
0.866855
0.560829
0.989870
0.324709
0.017253
0.259503
0.186103
0.238396
0.110395
0.739237
0.878438
0.860819
0.093872
0.441184
0.772509
0.478742
0.726251
0.122204
0.327752
0.079213
0.826913
0.039924
0.437120
0.980872
0.760631
0.569582
0.901233
0.023021
0.039470
0.873013
0.280389
0.070965
0.399606
0.500313
0.649973
0.938935
0.398430
0.468741
0.592430
0.487342
0.927884
0.002604
0.202654
0.104388
0.456884
0.194162
0.812018
0.034285
0.905184
0.961446
0.726056
0.832013
0.872813
0.827553
0.276934
0.389962
0.265908
0.861192
0.497314
0.542772
0.887228
0.124452
0.388109
0.776732
0.216789
0.836000
0.068265
0.378232
0.766973
0.231783
0.627440
0.796842
0.132369
0.487207
0.647801
0.682843
0.195760
0.641512
0.592732
0.112498
0.129606
0.964237
0.379846
0.828653
0.531538
0.743436
0.843155
0.806526
0.640626
0.814468
0.652624
0.277756
